3245
682
1098
2867
3096
2446
4403
2968
757
945
3566
4935
4983
1903
3982
3653
4187
4123
3152
930
4148
4029
2733
2177
300
907
2227
4812
3163
4376
3064
1921
4768
3871
4797
506
1437
618
1127
1298
4177
2246
4156
1679
1261
857
4969
3976
1953
2604
4871
1496
3688
3777
1304
4162
4481
4833
1610
1
3406
1957
25
3225
1812
2429
4063
4735
2650
1859
1798
2835
2913
650
2813
1772
1974
3447
2346
4872
3026
2899
41
2241
834
3726
1655
4315
3424
4158
4871
4147
1701
1665
2062
3396
4225
339
650
4004
2098
4164
3263
4359
4374
995
2149
1308
706
2384
3635
3244
212
2076
2502
2686
3133
2502
157
3897
1043
3530
4922
684
4533
662
3885
613
4211
1066
4849
2040
4662
1828
260
721
4836
2098
4797
4548
2981
2115
4551
1421
564
1481
3311
2828
809
4392
3883
1293
432
1940
3445
4248
267
486
3549
2565
1320
4977
3881
1463
4545
2918
4631
1912
3856
1443
1976
2577
424
1624
2182
195
2881
49
4691
4510
2282
1334
3780
4475
183
3750
2315
1590
310
3176
3676
1739
4323
4273
1101
1435
4010
2123
269
1994
3165
3505
1101
68
1045
3633
32
4307
4662
4068
4597
4890
829
3450
4419
317
4055
3001
4346
3393
4023
3830
216
4015
2996
3203
3229
4027
1393
1639
4158
1657
1234
3802
3868
1101
4741
610
2429
3863
3930
1353
2338
1250
289
2175
35
4717
1957
2078
817
4117
2279
611
15
2826
3999
2925
1969
1671
1269
2469
4238
3552
3478
2623
4965
99
272
1382
2297
4515
787
467
671
3608
1535
2096
2925
3604
356
2687
2377
3109
3273
4389
4378
3231
165
4284
3604
3273
889
2824
4665
1991
4606
1016
319
2548
4468
1662
2625
3972
1358
2294
2521
3680
1928
4373
3210
2435
4531
1830
4176
1457
1297
3080
3399
1174
877
107
1136
2712
192
4190
4103
872
2362
617
3169
994
172
1570
2405
520
376
2680
3702
4034
3360
2767
1163
4944
664
3857
1643
692
1967
1317
3115
3014
4717
4473
1550
1256
1870
115
3628
3872
4448
4024
4491
1007
3224
1032
1249
220
4771
2032
1309
4601
4759
4566
4061
4430
2150
91
2416
1229
796
4944
818
4337
4355
1352
151
3250
4365
4812
4173
2413
2460
1935
728
270
54
527
2835
2418
1614
3890
2132
1135
457
2134
3233
4618
3562
2695
3158
4700
3045
4837
3970
1326
1306
1499
1210
2414
3543
418
2955
3776
3823
3416
432
4979
4486
2420
3725
1732
4374
655
4819
1988
530
1700
839
659
533
2247
2117
4616
3618
2063
1169
1933
3056
3044
3993
2628
3762
3650
3197
3923
1858
3515
3337
3900
3695
1333
1945
759
723
2709
2996
1305
2782
4936
2163
1167
436
1867
4128
4398
4535
3586
4746
845
4338
3487
1750
1802
4432
1704
4449
1851
1708
543
2332
4599
861
2105
1261
1959
4809
3057
4037
3075
485
2226
3940
818
4777
1814
1504
1002
3929
233
4612
3887
2186
1010
1907
4421
2720
2936
3243
958
2766
3905
4980
4521
3442
458
1787
4266
4940
2136
1338
3817
3322
3982
2030
2329
1662
1047
928
2727
466
580
291
1830
3462
4892
382
4140
1087
4026
1456
3593
4378
2685
1608
4122
1332
4384
40
1855
1349
1827
4939
3323
3304
4780
2401
741
2199
4461
1794
4650
1837
1839
502
685
2059
2611
4911
481
83
588
1924
1763
2174
4078
393
761
645
86
192
1233
216
4190
1467
1154
2610
1991
749
4963
2626
3148
3783
3644
3247
4073
261
1787
4254
4732
547
1837
1854
773
451
1634
1939
3338
4203
2771
3273
4538
858
1855
3620
2732
4794
438
1085
3837
2149
539
1845
731
4412
3260
3448
2721
3893
905
1766
4046
2591
4198
4996
4706
774
2439
4823
1838
286
127
1549
2979
2397
3421
4555
1300
4662
2229
3415
3095
1073
3432
4808
3500
4300
2552
1562
3975
4147
2692
2279
4394
4524
1649
2434
2382
3992
242
3844
1958
1592
3010
3133
466
69
4965
676
4567
3936
1810
3655
4778
2919
2974
156
4269
4063
972
4043
4309
494
2206
737
2546
3855
2066
82
728
1663
4503
1201
4313
4803
214
4416
1507
718
1873
3237
1194
4339
663
4350
530
2428
1169
3785
339
4322
4734
3282
1500
3116
3532
2880
1575
1579
1507
4711
3489
4217
2578
3237
2602
1161
1344
2596
1481
868
2213
139
2959
1449
1823
3837
2934
952
660
3127
94
4110
125
3317
3499
493
3739
2134
384
2836
816
1730
1015
3235
4798
2611
2302
3191
1211
3085
1625
3304
4503
2206
2895
2299
460
163
2896
4668
928
3001
105
3313
4090
1235
662
48
1368
2923
1477
4104
2204
1551
1519
4159
3586
2867
1338
250
2816
1055
1605
1580
702
2028
1189
3313
2436
193
3050
122
3588
2263
1095
1119
4621
1538
3493
4027
4383
2469
140
807
3086
4513
3750
3445
4094
4130
3711
3546
3879
4628
4987
1207
2575
4447
3290
3244
571
242
1606
4962
1578
4628
1581
2139
1214
1222
2969
2050
3762
2036
2848
2502
3798
2982
1690
122
2929
1756
2951
2874
4949
4792
2479
1994
2069
4038
4874
4155
1068
3508
1659
4547
290
1086
4997
677
3062
1791
3309
3968
2473
2226
2284
115
2629
927
3933
2538
4668
1393
4913
1390
3723
999
496
4383
1535
501
1245
1706
1153
225
2240
3612
765
2483
2952
4992
4213
2344
3009
2628
209
4294
1917
1918
1596
2684
3618
2716
122
3898
4311
4718
2490
351
2475
1956
1599
1289
1040
3009
333
1203
1115
3342
365
669
2102
1042
1502
4101
3850
1440
2575
2230
3236
4093
4106
1910
2935
2818
2908
4918
1579
141
4402
3742
4164
3733
4341
2860
2055
4577
4927
3616
594
4451
3859
4315
3451
1813
4397
4817
4191
4020
2951
2028
3218
1639
463
4069
3913
3018
4361
