621
1070
343
3265
2434
945
4616
2753
4768
4660
3110
4326
4278
3528
1108
4294
3490
1230
4990
3181
534
2166
312
86
593
4747
4225
711
3908
4549
1926
2390
3420
2505
2438
711
2373
4326
1980
2956
1558
409
291
4722
2666
2754
4511
2102
1168
546
3833
1303
3632
1486
2623
4778
4338
2040
1904
1299
548
3919
1429
194
2930
3018
3192
3431
1641
128
2489
1177
4878
44
361
277
3466
2713
361
3303
1822
2436
4866
3351
2396
398
2385
1427
1512
3180
3541
2609
4947
2147
4096
1868
4854
682
598
2512
46
4845
2645
4581
4635
3777
3665
399
597
4588
978
35
2346
1627
2348
4595
2267
515
1914
6
1098
3016
2574
3986
870
855
1629
4072
913
269
1558
2604
4813
1593
289
4811
3999
447
2146
4335
962
2413
3578
3620
1130
1364
4514
3020
4587
882
3748
1032
2727
1131
1433
939
4443
2656
1726
1959
3032
4520
2877
1020
142
2995
94
3536
911
1792
4741
139
3417
3098
3748
1021
3606
1915
4759
350
647
330
876
1394
1012
2056
97
1449
841
1088
2176
865
4200
3087
4863
2117
788
1613
115
238
4663
4960
3006
4613
28
3054
3004
1613
663
944
3798
1909
1235
4233
4603
4509
3471
2137
3993
1859
3482
4172
2223
1821
2261
4134
881
2983
1026
3012
3109
1910
4450
3959
623
4482
3938
3894
436
4290
3139
3626
101
3091
2822
3156
1710
440
833
2599
172
1559
2967
25
3778
3021
3731
329
2167
1985
3485
2498
1176
2764
1598
3819
3131
1702
1832
4864
2755
1236
2261
792
3923
4847
4276
1524
2357
2133
4028
3912
3260
3736
1157
2390
2986
624
4935
3253
1539
4472
1406
2611
113
3134
2304
3291
928
1897
2427
2671
870
38
3333
4372
241
3481
2466
1117
3657
4840
3674
2733
4825
3336
4032
3038
4983
4592
1240
4975
3884
3510
1126
4387
3799
3585
347
2967
2300
3411
3388
292
1727
276
3224
1794
3609
3382
2488
849
3468
3040
1232
3036
1457
1102
3057
1497
2197
349
4995
4405
39
4068
4390
4375
1465
943
3871
1755
1594
926
748
211
3251
1813
1389
3469
1634
1672
206
4653
1056
4691
3306
4399
677
801
4988
487
90
2378
1143
1500
330
1007
1358
2096
3357
1136
8
1417
1060
3862
4313
2842
2825
220
4933
3381
2660
1545
71
798
667
3123
3891
4996
2710
386
4745
1476
2876
2332
4933
3071
2408
805
236
1923
3705
2121
2101
2191
8
621
867
4996
3031
3835
641
1965
2583
3374
4257
3380
241
2785
4529
2856
2952
2487
219
4568
3300
1358
3704
3922
3963
3748
3950
2116
507
2505
4201
2242
3456
3645
2961
1537
2319
1376
961
4323
3917
4520
2429
1675
1215
4706
1404
864
1831
3400
3923
3458
1316
3544
1610
4885
3078
2275
1696
538
2737
2032
4448
4658
3570
3732
4973
1835
2957
86
628
1941
3600
3638
2466
2676
952
4061
2670
220
3579
1589
2096
4094
4825
4726
3029
1770
748
827
3600
4424
115
3304
4351
1673
530
527
511
1519
4672
194
4524
3805
690
2865
3393
3845
3127
3636
4332
2491
324
2561
67
2456
2209
848
3487
4229
3609
3818
3939
3208
3580
2393
2682
4349
827
1444
3408
928
2103
1001
1032
3727
3445
454
2160
3424
1448
298
2173
3884
702
4516
2856
2741
4502
1628
2798
1274
2352
199
2568
2855
4840
3381
4683
332
3503
4773
1710
4819
2281
115
1748
2278
2177
618
217
4015
555
3944
1709
309
3796
4059
3422
4303
1848
3671
2263
4830
4825
335
3253
932
814
4290
710
4994
1866
411
474
4573
1717
1709
4078
1342
970
3520
708
789
3370
2530
3135
2087
2962
3192
225
2820
1909
788
590
4079
1363
3514
835
595
1748
4572
3219
2167
1380
3883
4807
4588
2834
4976
2634
4878
3692
1040
4208
4876
2908
3814
1412
1076
2758
709
3876
1017
79
393
3747
4026
53
4401
525
1417
2286
3568
4619
3597
4884
3974
108
4266
3741
1831
1068
1663
3867
1317
3638
1855
905
1810
2984
2395
3864
1050
4075
3221
4682
3144
4828
2668
152
1219
48
1582
191
1371
2443
2438
4500
1915
1189
3498
846
1761
1905
4990
970
2259
2521
462
4731
2842
3044
1822
253
3904
2056
4804
2881
3717
2162
2455
3484
2681
2140
1050
1813
2893
481
2328
4146
3018
1321
1844
280
2253
3590
3119
3316
76
394
1000
66
688
4355
2765
2779
3020
522
4892
4717
2558
4919
2032
1318
1925
2796
966
4760
2119
4968
1395
3267
4568
4894
1253
2458
3836
759
351
2182
4381
670
3812
2473
4710
1816
4541
2239
4503
3382
582
4620
3257
3226
42
2516
4859
2145
2933
333
4340
1073
2034
960
1651
1195
4492
2274
4911
695
4058
2811
611
1851
1446
398
1702
3803
4276
3220
4312
1406
628
4714
3864
1843
1860
2907
2684
2550
4292
3857
2163
3851
3320
3007
396
2755
1042
4947
4637
1318
1438
3667
1530
4119
2161
49
1252
1603
927
407
3163
2324
3612
3272
1597
3301
1110
397
3865
4850
3149
1671
4932
3196
3932
2381
2790
913
1136
3272
2389
1792
4518
4777
167
1586
2268
4374
1064
2336
1768
1047
4811
76
4238
2404
445
4929
3079
4962
3874
1421
1458
2991
2041
340
901
3986
3830
3823
894
3217
17
655
2638
4299
3238
3754
3174
436
4871
2091
529
3044
1801
3141
3793
2726
4361
2532
1276
1980
1878
3535
183
2303
1231
880
621
3857
1763
2863
3574
3735
4387
4041
2774
4675
4557
3651
3721
3772
421
2889
1930
2581
2201
1491
4109
4261
3176
4924
1439
4604
4186
3107
2397
1653
1796
2910
4771
336
1235
4606
2864
3370
978
385
1862
1417
1893
2690
1197
2415
2187
2522
4664
3297
1464
170
3508
1277
1993
1117
89
570
4268
4986
3455
1280
445
