519
1302
3718
4326
2029
2651
2858
97
2286
3236
723
924
4618
2679
3349
334
2829
4250
4736
1851
4583
3722
4404
854
3406
1405
27
3014
3371
3830
4187
4898
164
4572
2795
848
391
4661
27
3451
3640
944
2018
1418
4902
4986
3234
4552
4608
832
336
1029
2068
255
4622
667
4431
3080
1697
2178
1139
1226
2860
3355
783
354
4494
1788
3861
2088
1255
1788
4115
1079
2350
1949
4494
1859
4466
3951
2114
3477
3312
4158
84
708
4344
1843
4781
3267
3009
1849
1915
4697
2350
227
3819
1604
2198
1229
2885
4630
673
2699
4888
3463
4852
2481
2755
876
4082
1007
2958
1541
4575
2834
4280
1553
336
4852
938
4144
2825
874
2490
2967
2254
626
4593
4839
447
1353
561
1385
4535
3148
1321
2886
853
428
1093
3944
3805
1271
1957
635
1731
1303
2187
3691
4386
692
1684
4016
1599
4846
2427
3506
3427
1561
2965
4033
1361
439
2469
4992
114
173
1707
3834
1568
1566
726
2888
3840
4291
2685
678
3032
3260
4186
2419
3685
2645
2931
209
229
2781
1818
2586
2243
3654
2789
329
2704
4482
4006
3218
4065
4095
170
3117
41
1529
1516
958
3957
4321
4151
2011
622
4473
2736
2304
4045
1777
1676
3838
2050
252
2156
1891
4052
4603
3613
2558
3080
2477
3632
2472
1899
270
1281
561
633
4764
567
3185
1448
323
548
4935
2381
1364
4215
4096
3019
1257
4121
1568
4145
158
3438
4910
653
1049
2915
4176
1537
110
4530
486
1437
1831
4155
1738
4098
2331
770
2267
4929
78
2170
4684
4845
1273
2264
279
139
1694
4522
1764
282
4731
2426
4709
669
3919
2280
4406
920
590
4613
927
3449
2292
3041
237
4159
1359
80
2059
4109
4591
4637
4381
3965
3164
1773
341
3454
4670
1136
3297
3616
1567
1722
1565
1285
1396
4434
3467
3082
1650
4690
4346
2960
4914
2152
2475
942
4659
1402
2579
2238
2310
4688
1610
3789
2833
1511
3761
1134
2438
2207
3184
4325
571
3198
2992
2294
4699
3487
4502
2536
3590
291
1818
4303
212
3738
4674
388
3648
4018
3644
965
4185
4236
2034
3784
2932
3889
3493
3934
4371
392
4603
4026
3179
1252
1602
2240
1264
464
3960
2807
3650
4486
2833
89
3140
602
4040
2116
3403
3736
263
1216
1258
883
4559
3017
4433
2660
2616
1438
2559
3517
2691
2674
268
1856
1176
1159
4133
3060
3048
3416
3505
4042
567
602
1063
3627
1469
426
3644
4463
4047
1943
82
3308
226
1685
3054
99
3610
1683
436
618
2510
1988
2917
357
2679
1295
3110
2100
687
263
1949
1375
491
1983
828
1344
325
1976
2535
1354
988
3445
2011
3131
2344
3529
1603
2283
885
4106
2336
2623
4852
1317
3940
3981
1531
4026
3811
1196
1276
4588
515
4877
3270
1328
1086
2498
3042
4540
77
4607
1004
3520
3399
1632
1753
172
2000
1654
4278
1118
1528
4285
400
2535
3798
4830
3929
3498
693
1008
2300
4566
441
116
294
4400
2553
2131
99
3057
950
1282
4144
3971
4739
4124
1703
4403
3687
2856
3056
2705
1563
2920
2442
2378
2531
2362
1523
2075
3795
1280
2195
977
3219
4761
1881
2377
2638
875
3136
1596
2595
1816
3936
199
4256
778
4831
2309
2096
168
3749
4870
2893
1688
276
4416
2997
3293
2212
4436
3269
2357
3120
1880
3836
4870
2843
1296
3960
1246
4711
1873
3476
331
4345
1273
4665
492
298
4358
2701
1974
4999
4927
4135
620
4332
3946
1448
2674
3812
1240
4576
3698
3318
3672
4708
3878
1832
3050
690
3547
3688
422
2591
4746
844
1502
3569
1123
4386
2766
119
823
1829
4327
4516
67
3057
167
4619
2917
1094
1001
3029
3656
2529
1615
3499
247
4420
4471
2331
934
3041
2290
1130
1170
1939
686
4443
3811
1427
4049
3029
3903
1019
4808
1271
3627
1444
487
2732
1030
1895
2883
4726
4534
3401
3639
1945
3137
64
4521
3313
2644
2773
2033
1708
3728
2434
686
1162
4132
3610
273
1887
1588
2415
4606
706
3129
546
2281
4943
3976
343
657
1753
3915
4891
3687
4096
4692
812
3769
3802
1255
2246
2807
4682
3133
2310
2609
3680
4376
2754
302
3586
2593
4815
2629
3737
2966
4575
3353
3896
1523
1753
3468
1425
3911
2332
1794
2308
3413
939
1179
1338
3466
4567
1315
4102
1544
927
4327
1013
2753
1348
1008
1314
622
3340
4407
1740
770
502
4452
1460
1013
1742
24
3656
3149
3639
2278
1947
2162
562
4868
3661
1491
2886
1685
3745
1694
2134
703
2471
2846
273
2766
2039
4611
2267
212
525
3824
4508
2226
2781
4498
1850
612
2230
1679
4788
2745
2738
2932
3032
4653
3266
1273
4694
701
581
3111
1453
271
4275
1455
2940
529
3793
4132
212
325
4978
3623
1172
255
2482
2319
624
1168
1807
4280
1641
2822
2767
660
2311
417
3507
2903
1492
3088
4947
3545
879
177
107
2926
374
3381
776
1146
351
3903
4394
4645
1108
4162
2688
1768
2740
1659
4229
2825
3971
596
4801
1701
4392
1077
148
687
1917
549
799
1487
1893
3031
2101
4546
1658
2537
1467
4698
1627
1075
2546
2949
1734
119
2533
3135
4648
1743
1455
674
2004
1087
3000
4884
4859
269
488
2442
2753
3405
568
4399
1313
818
3206
1607
274
3651
3202
107
2199
3714
3524
4097
2624
2282
459
4674
151
935
3929
1133
816
884
2593
4461
2614
2902
3968
3480
4991
4201
274
230
1232
3865
2980
257
299
4418
2834
4630
2482
4740
2689
1848
1310
1914
3479
1974
1966
4758
131
3758
3011
385
145
3939
1453
1008
2673
2050
2360
224
2437
2779
3871
998
3405
2119
1088
414
788
626
2955
4403
4627
1061
339
3407
4508
3860
1108
3112
1953
4302
4071
940
3827
1219
3788
3551
1757
