4870
4313
3204
4266
1096
1306
4254
2100
4332
2372
1934
4594
1049
315
10
1654
4717
26
4166
3446
3789
241
3587
4225
3699
2251
2925
1354
2903
2283
1913
1337
3904
2138
1799
1399
2758
1721
551
3755
1784
4275
4023
166
2502
1809
2515
2861
3920
2342
141
4099
611
2342
4477
1701
799
3958
1564
1294
1615
2647
3584
806
2609
2262
2203
3646
183
1822
2293
2862
3713
2194
2043
393
151
1819
4155
4259
1207
830
317
543
1937
1557
3714
857
1050
3144
3601
458
3828
3847
3529
988
4248
716
2432
2022
2057
2895
1705
3133
1819
2491
2743
570
2506
3940
1272
1788
1654
550
3139
1437
3702
1815
760
348
1759
4062
1059
2286
3200
2096
3219
677
4461
1288
1239
3217
1238
2891
4070
265
2158
3286
2363
4099
884
3490
1962
3035
2979
1
644
147
3741
2118
347
357
4707
2892
4775
4936
617
846
3774
4853
1703
1178
1240
571
3015
1205
4197
1459
4055
1224
1962
2694
4479
1400
4114
4612
4074
1858
1233
1282
4201
470
4757
3673
4732
2591
779
193
1548
3307
946
3348
3774
4041
3936
2661
3507
4039
245
2214
4065
648
1369
4755
414
3026
117
3941
1730
627
1383
113
3335
3195
1946
4628
1358
3718
3574
4331
2266
613
1689
4232
3690
3140
3506
3542
539
3740
2539
1289
4363
1456
207
3186
1415
3856
1803
4268
924
4548
2157
2414
1017
4291
696
4864
3829
2452
3437
4450
1818
448
1223
4619
1713
4470
947
946
4495
249
1040
2463
1805
2733
2956
3612
361
3439
1749
731
297
1875
4824
3642
1997
2937
1838
2470
3322
4046
3558
2586
4311
4618
4760
973
2535
3196
3996
1998
1011
4126
898
532
4606
3902
3833
4514
1912
4951
3355
1937
3473
3407
4872
1119
2079
1882
4802
1753
3124
1173
2074
4887
1031
3335
2018
1296
4786
2376
507
3882
318
952
2113
816
1107
3276
121
1596
3392
398
1548
2816
2561
2819
8
271
4687
4601
635
1240
4532
4399
2961
4158
2615
3137
1381
940
91
1777
1296
405
2125
2284
129
107
1459
2517
4637
913
2250
3695
1346
3296
2879
175
1594
4179
2330
3166
2680
3794
2788
387
3377
1861
3876
3649
3321
3184
3953
1882
1123
1504
4079
615
2740
4939
718
530
2585
4364
2993
3005
3323
1384
244
1089
2647
857
3251
3002
2164
2094
2107
3244
2859
3393
3140
1572
3572
296
3958
1478
4224
1056
2186
2855
2591
376
1028
2455
708
650
4408
3094
4028
3100
1017
3663
4749
3822
1923
3820
2030
2370
2771
1563
3598
1730
349
2771
2553
3624
2501
1020
1757
2882
569
3941
1098
1243
1152
4711
404
3932
3552
2615
365
325
1634
4818
168
167
142
2637
4819
619
2773
3832
4541
2276
2188
1374
3468
1181
2954
1566
537
3664
4485
1822
1703
4771
4110
3856
2145
3051
507
4244
584
2544
4470
3517
4246
22
2726
4346
974
722
3954
3641
2957
1784
3558
75
4168
4285
570
3861
899
1877
979
2798
4520
3310
1720
2891
2982
2777
801
2186
4167
1112
2526
1815
2423
1633
451
278
3738
2007
764
4939
3940
4238
3384
954
1943
3669
3284
3413
4120
4356
2475
3307
1348
4242
1220
4555
2116
4199
1327
2205
2061
3216
2720
940
1844
3382
3179
4178
667
4246
4306
1527
1643
1931
3026
2876
254
1414
2139
2184
645
1281
3830
1476
4335
1976
253
754
2224
2666
2616
934
4351
2986
2890
4862
3468
3829
3482
179
3574
4556
1089
1043
1567
3293
4130
4570
3137
2488
1701
4501
3010
2664
1048
1196
4112
1094
215
4775
17
1957
4432
1146
4131
2402
3249
4093
892
557
3353
925
660
4352
3316
4824
4602
1267
4223
4465
2800
3099
2519
3909
2039
2125
2771
2915
3797
4243
1756
4139
1201
3018
3238
3360
4537
2414
285
3239
738
1927
1116
769
1173
4905
1239
1374
2454
1982
4073
3579
4627
283
169
3368
4099
478
3101
141
2430
4403
2704
1849
242
2749
4981
1210
2369
1434
3251
2860
4471
689
813
1742
4802
1854
3870
3489
1263
1474
3582
239
3719
2368
1036
1038
3385
491
3562
1796
4666
3859
3168
1102
3647
803
2093
1246
2849
3329
3529
240
1279
573
2990
1205
1321
2629
911
754
1762
924
2236
2973
323
381
1443
4497
2699
2350
1359
47
4223
2084
4644
1175
1165
4028
3844
3090
1763
4970
3270
1896
2541
3973
3509
2141
1682
534
1678
2181
4551
66
4402
847
4866
3955
124
3215
1982
3971
1088
1237
1287
220
2258
2689
3421
3286
3412
1658
2350
135
4441
3074
971
4368
4297
4336
3626
4950
4044
2928
1426
726
226
4677
2403
1034
2751
771
1074
3687
1720
4535
3631
2592
747
3708
4200
365
3539
3380
3517
3193
613
2273
354
1
4182
4731
4625
2264
129
2633
3367
604
50
4602
246
597
1979
3179
2999
689
135
4037
2015
4767
4444
1108
1467
3445
1306
4507
968
4179
4015
4422
2334
379
3670
4653
2471
424
1259
2144
2116
3037
2895
4416
1102
598
2109
767
3048
3529
2221
2638
163
3729
4713
2005
1552
2510
3712
358
3166
1918
61
3097
1236
3574
1665
4081
1744
3105
3083
3365
1214
2364
3615
363
2266
4873
562
1868
3012
2726
865
4123
4444
267
4824
3734
4394
3517
171
1875
1907
569
3021
3832
48
328
4230
302
700
98
3053
2244
4343
4343
943
3297
3212
2092
820
4788
2018
1457
3923
698
1367
3456
3247
4419
3157
483
2580
268
2048
2826
2497
1077
639
3085
3604
410
2330
1319
255
3384
4787
3710
1503
636
2301
4036
693
3645
870
669
1124
1218
1106
3645
1553
2572
2746
4799
3291
108
2667
1902
6
2588
606
4616
3256
3143
796
2246
1404
1218
4393
3364
87
3329
2065
2397
2937
4696
3125
2958
2525
2148
3617
3609
