2143
1188
2810
3568
748
994
4116
4470
1515
3433
3254
2146
1035
3051
1404
3239
571
4114
4488
1844
1041
3664
2674
1937
4458
353
3926
1665
2505
3785
661
2361
70
4928
4576
677
4079
726
354
4096
980
120
469
3811
4749
3848
1336
3352
2410
769
1277
3634
3987
4808
2291
2736
340
1516
3225
703
2334
1533
2075
1129
1687
2239
1788
4905
3214
2063
4810
3388
801
4510
3183
4455
4625
2471
4158
2936
1812
2007
3038
2126
870
2512
610
1832
4796
2217
11
1990
507
4094
3330
2300
2858
861
553
1160
413
1083
4233
2435
3803
1041
3693
4304
2727
2081
2763
2406
4045
4747
3467
1456
4623
2659
3131
3691
4587
237
2658
2499
2164
441
437
3403
3365
805
516
3418
1883
1556
4826
3519
1912
4496
240
1014
123
1826
209
2006
1683
1908
499
4193
503
1590
4496
517
289
972
3947
3053
1036
952
4701
3975
3449
97
3258
3002
3033
1409
2670
4352
550
565
1248
660
4968
4849
3904
1156
914
3943
2651
3253
968
3523
4076
975
3713
4769
2152
1488
4969
179
1010
2137
348
1827
334
3559
1928
3578
1358
140
277
2057
1072
3556
4911
510
3734
1234
4648
2627
1644
1152
1660
1721
4324
2314
1570
739
1972
3740
3026
275
4334
1350
4695
2631
217
2724
3004
272
4111
893
1302
1135
4122
3409
4931
3162
2264
2044
1325
1511
3830
3390
3863
1971
691
2787
2796
3510
824
3299
2096
4971
4298
2634
206
2971
3408
174
1301
4165
3602
1558
1367
1547
4785
457
71
1376
950
4603
4037
2173
1934
3957
1669
1201
1159
4421
2799
3285
4703
2689
1040
2781
2098
4175
850
3213
2169
3377
746
3458
2239
112
1922
1666
166
2792
767
4719
2695
4706
659
4484
4129
676
4546
2457
2466
3303
4083
4893
927
3587
90
2114
2864
4692
4058
3873
636
1323
4260
398
1570
344
3119
2336
1366
241
3008
2316
3270
2605
2826
3076
2457
1754
4949
1247
850
3520
4923
4810
2787
1860
4538
3339
4708
2188
958
2880
3008
2462
799
3959
3181
4430
1233
3112
3122
3771
4336
4963
2398
2436
1010
3071
4417
3203
3626
2583
4152
1222
18
1540
582
1089
4424
4782
4709
4995
3031
3716
2157
782
4433
1846
4901
1008
4715
3886
1660
2934
3928
2000
3575
4870
2178
2165
2249
846
3515
4167
2527
2548
3406
1889
3959
3104
729
3073
66
735
4043
3157
2244
2334
681
4054
3713
3704
2822
1631
418
4429
1575
198
1487
1184
2335
1881
4213
2448
2061
1895
4184
2951
1039
46
4450
2141
863
565
4777
1097
3158
2826
2770
441
3877
2256
2705
148
4620
1925
1283
2470
547
2145
803
1505
4713
4999
580
1738
1995
1883
2317
2805
1839
516
2048
962
4715
3047
1623
4407
2353
965
3784
2042
763
2360
131
1721
1184
3018
2543
1174
609
4252
2334
1169
3304
1407
3224
98
4390
2815
3754
3619
2189
4747
1357
2492
4746
2870
3804
943
1525
326
1983
502
1128
577
2428
4764
1748
2711
346
566
4181
1650
2344
3808
4254
3762
1093
3152
4646
2543
493
4630
1025
2939
4760
893
2748
525
3068
228
2156
1432
2215
4629
4251
1355
4909
3628
3256
2070
3914
3085
1153
2890
3073
641
2436
4594
3745
1702
3215
2798
4086
956
4636
4852
3489
3946
513
1685
3992
1281
2413
1308
69
4861
2136
3732
4819
381
4096
4252
133
4896
928
2745
1114
4510
939
3043
4707
3407
1111
1429
1448
4657
4334
2140
1098
592
1664
2437
1712
4398
2185
3764
3959
3577
694
2154
2320
593
4617
4348
1518
121
2866
2369
3928
1772
3369
4682
4078
4169
4738
4121
3627
1678
645
2502
249
4237
3648
1407
2660
4943
4959
4014
379
185
2963
550
3894
3357
3011
2757
1282
3316
2536
3562
3567
1738
3838
3019
296
152
841
1802
2660
2847
4397
1162
4388
3735
2915
1125
3605
3668
2249
2643
1403
4959
3739
4545
3422
3969
2883
2360
2621
2055
4953
2741
3699
1035
166
4520
3270
4578
1181
4350
3941
577
3666
2455
1940
3577
3580
3725
3118
4772
3158
4781
3518
2922
4050
474
3456
1166
3407
4491
638
2039
4134
3149
177
1520
547
656
3116
580
628
4020
2092
4276
814
2876
3509
3511
1358
4559
2334
1037
1058
1967
3253
1284
869
3168
3730
4491
1809
893
3122
2497
925
2870
1881
2911
2139
845
356
2670
3988
1496
4768
2832
3639
4204
787
1125
4532
3300
3448
4556
3482
1009
2723
3043
2168
2919
1043
1940
3323
328
1
3342
3516
3176
2176
2874
3551
3997
4424
2720
3424
1630
4619
2825
1200
2502
4785
3541
283
1573
2684
1847
1034
117
3050
3817
2245
1399
534
1770
4336
570
2368
258
4431
76
2876
4763
4357
2780
1667
2769
4352
3976
2625
3323
1364
1217
708
4545
3930
4819
354
3990
3911
1995
3536
2758
1910
4098
827
3473
259
1522
3739
1330
3376
2344
394
3929
4664
3436
4358
3065
4728
3130
4904
3619
3492
785
701
3665
4556
2884
4791
4893
2300
2004
2527
4430
2028
3421
832
4449
985
3498
930
469
230
670
4775
4652
3169
2096
4377
395
171
4869
3611
2507
4679
1942
2458
1698
1805
2979
2395
2391
353
1082
2725
2131
2792
2239
3020
3877
1098
4821
3317
2084
4196
878
1809
438
717
3909
3310
866
3711
883
1579
3113
1725
3096
1788
4563
247
3962
3608
497
4940
1873
3363
4333
1979
1835
1389
2810
2524
1528
1078
3971
3732
4437
1738
3565
780
2379
1573
1265
2863
2472
1894
3671
3813
1695
418
4142
2197
1215
3532
3048
3076
4830
382
3447
1451
1458
902
3075
4545
729
4453
4321
2814
1808
4191
1226
843
1469
4465
737
464
467
2509
651
4499
4279
4055
3262
1574
3758
4018
139
2056
2836
2548
2049
3655
4323
3327
2996
