1494
3011
4348
1379
2968
2780
1206
705
4872
2820
586
1563
1850
3060
3642
1769
744
2154
4150
358
1469
4588
4077
1571
3259
226
4735
4620
4667
4892
3561
352
1398
1574
4026
1578
4007
1413
2167
4420
1062
4253
3477
836
3566
1506
1215
4423
3300
3012
3162
4963
243
34
1572
2518
637
623
1542
4038
1371
3274
1758
1029
1154
3583
200
4668
1887
1129
3313
3008
3123
1443
2392
4899
1798
739
117
2507
4657
4475
4065
3285
683
3953
3717
2414
500
4269
4146
2296
2280
3636
2411
2643
941
3485
2928
2873
3371
2052
4927
388
4009
3137
4797
3978
1558
1146
1446
3692
1098
453
3874
819
4407
931
3408
1868
3511
2453
316
1339
1654
3580
668
930
477
3500
2247
819
746
4893
220
4971
2204
3744
2305
2209
2647
851
2864
1824
4896
3026
3286
2268
2799
1578
1852
4188
806
14
807
1929
2271
1600
623
0
644
1694
3005
2
4078
279
4060
4126
2903
251
2280
132
4702
3252
3707
1621
3983
2448
2340
717
1146
4233
2218
4078
4802
3550
4763
3796
2624
2442
3396
4460
1151
2799
985
1987
1662
4507
2203
916
1379
942
468
1135
1914
4469
413
2537
921
2401
1955
3523
3648
2905
4927
2376
2606
4420
2916
3780
978
2347
1034
3693
4426
892
2818
4212
361
3604
3221
3119
3281
952
3450
659
4948
33
1923
4461
3700
2599
4824
4542
2678
4478
1594
3161
136
3733
1271
841
3453
1939
4183
2920
2716
2519
2682
3549
2286
846
520
4149
589
1074
29
42
1445
1624
2928
1162
1778
4547
3944
1962
1995
3873
734
2826
2769
3544
3264
3675
1207
4447
2558
3958
4607
2766
2118
1685
4295
219
4295
928
2975
2657
3401
430
3419
584
1847
865
1793
3809
3033
3444
2305
4417
1768
4463
1613
3995
4927
461
3913
2158
1320
870
3423
1497
2196
2244
1613
2134
3750
3328
4584
4329
3308
4569
3477
1635
1280
2171
4194
3176
1416
3811
1827
2055
174
630
1252
583
715
710
70
980
1537
2434
2960
2180
4136
1449
877
4716
2128
2611
1626
4393
1935
3304
1194
2048
2456
1572
1584
712
3339
969
2407
2910
1118
1599
3482
3916
3965
3862
4857
1305
629
348
4326
2804
3513
3546
813
2191
2621
2458
2260
1786
1589
752
4304
231
375
4563
2276
2275
3962
25
2786
1793
1904
460
1454
3187
3738
2496
2810
644
3220
2838
4566
2277
3960
1093
4016
1597
3970
780
4175
2982
4759
2235
3332
1014
3845
3731
44
3216
2933
4794
1807
683
1850
65
4757
4032
143
2965
2017
4992
1478
4510
1859
153
2541
2183
1859
4544
4773
926
1330
3290
4976
804
1576
2472
1304
4873
2094
434
376
252
2491
1908
1182
3006
4745
1214
4352
2961
2667
950
806
340
3474
536
2250
2940
3700
2599
469
2094
2044
4737
4271
4347
1985
4143
1370
235
1211
871
2156
782
326
1277
953
695
769
749
4165
4912
4618
813
483
965
2057
0
4880
980
1333
884
2804
4452
4312
3712
3699
2537
825
1148
3864
1040
3104
3345
4919
1943
20
2649
4075
3255
4219
4964
560
2112
153
1552
2500
2103
1359
2856
2262
1164
3966
1146
4506
4019
4208
1075
3871
3520
4367
2562
1322
3432
1724
3695
610
3570
4078
2571
3982
4332
3255
1301
4887
1808
215
1855
1597
2033
3336
1870
4514
4912
4520
3064
4099
4901
443
1127
3023
2788
650
4562
2459
1467
2175
1731
2933
1198
1744
436
4970
4238
3822
3601
3681
3818
676
3136
92
3385
3070
3428
1739
4186
4039
3584
4762
3011
3721
629
4728
2583
1461
905
19
2528
3155
702
891
1504
3325
4377
3218
361
4973
2482
1421
501
3847
2160
4124
1514
1891
176
1219
3940
554
4855
301
3747
810
166
452
2528
1318
4262
2298
2253
4981
2555
3851
2608
4974
2725
3731
1835
2419
4229
3281
3012
3186
3124
2701
2149
3222
2265
272
2471
4070
1197
1663
2322
4739
3849
1875
260
4604
3531
1778
1785
736
2138
2906
2070
2028
4542
3116
4273
181
2312
1520
4550
2732
3882
1091
1407
4667
3034
3652
1995
3604
3972
1556
875
568
3914
2152
3230
1199
297
540
90
2801
2073
2406
1426
4964
1012
3958
4354
4593
869
222
3886
3841
1087
984
73
2308
4093
348
4397
3209
4719
3811
3235
3824
3164
2674
276
2372
1815
2091
4212
3875
4051
2429
3286
4979
4655
4461
3428
1103
4560
2061
2164
1718
1420
1462
3987
4988
2206
1261
900
222
27
3237
2480
3228
690
487
2683
1264
439
4342
4762
1253
1813
1212
2618
3829
3728
3687
2101
4755
2744
4997
2530
2331
4401
4797
3439
3063
2265
2715
1892
2877
1546
2599
549
38
1401
3883
3058
2028
4441
256
762
4857
4951
2992
3701
2223
1015
1419
3603
548
1512
906
1865
1318
3155
3675
1355
4097
1905
1582
1023
545
3431
2081
3977
1535
4680
3365
1675
721
4019
4719
518
2056
4371
1388
2290
239
536
30
3176
4106
4283
367
2058
1536
4200
654
1038
2229
155
1560
2975
238
3603
2705
1323
4971
1914
4096
469
2744
2594
4589
4030
1468
2837
256
2079
2369
4009
4914
464
4694
2084
2730
2047
1632
4262
609
957
621
310
1916
1935
1126
1624
1930
88
4042
3553
2088
4779
2219
1212
77
3029
2881
2669
3723
3870
1955
3978
4353
195
4470
3777
3661
1751
1105
1451
1358
285
3121
2828
1328
2919
1516
352
1393
3315
1027
25
1480
2564
4883
4982
2426
2673
831
4188
2806
3448
1974
839
4948
3260
4294
4324
4131
278
765
2169
1662
472
2947
1039
4161
4023
3559
1276
251
872
482
2960
4897
3863
306
3487
1830
829
675
4207
2507
4860
2743
1002
1834
948
4725
1673
750
3617
3326
4033
3618
3400
66
1223
2845
4552
434
2433
4754
4004
