927
4309
73
3911
544
632
1986
1963
2450
2670
1848
2811
2645
2746
1168
2091
337
288
4929
2744
1837
3257
3996
3045
140
4667
3501
1919
981
3035
3066
4106
2109
32
1044
4503
4030
3554
764
1150
3580
166
247
698
3543
1934
226
4064
205
3147
3308
3439
506
1283
816
1014
4458
746
1264
1361
1302
3450
240
1528
4662
449
3616
4931
1793
1270
2687
1946
572
3204
4286
1910
1526
178
4812
1673
3774
3767
2265
613
3282
1548
973
282
2244
4867
4216
219
1842
4916
2379
1628
819
438
1469
4595
3201
146
1488
2650
624
1743
3972
1031
1264
4895
901
1141
4012
1430
1547
2023
1259
816
4684
4036
4590
3178
1411
2809
1713
1350
2360
4510
423
4705
2738
2789
2678
1362
1638
127
2574
3279
4989
1156
23
841
4688
3857
1518
3106
3288
3015
841
1662
3958
2013
2542
2999
3361
3856
408
3174
811
1614
3359
2201
1589
3016
1801
1032
326
4307
67
4042
4596
3240
1587
3611
1945
2455
707
2946
190
3408
997
2145
527
4235
1237
962
2623
2834
1273
4511
225
912
1617
4170
261
2885
1400
4397
1095
3625
4533
1076
1069
871
2244
581
150
3735
1088
2094
4984
4011
1099
490
4909
1345
2077
295
435
4386
833
4508
1269
2648
4799
2835
3271
108
2755
2262
1027
2452
2354
2493
4260
4550
2892
3387
4264
1822
3258
3171
2249
4396
1155
4547
3032
3727
682
138
1350
2383
3446
1800
3837
441
1891
3453
4861
4911
2459
4251
1391
3912
4893
3526
4033
4576
4829
3044
569
4436
4063
4498
2216
3959
2416
13
1823
1180
2925
1831
3201
4954
2783
826
1977
1491
2915
795
1674
286
1687
4242
3292
824
3778
1767
4342
4441
4153
4774
509
2601
1649
4787
2568
696
2094
2539
668
1657
3022
2994
991
1648
94
4027
3932
3101
218
1713
3769
2450
3041
4937
4247
1008
1079
3378
4261
2308
1836
1838
176
2935
1758
3085
4822
2253
2258
1396
1793
4201
4331
87
943
1961
2243
4081
4844
3116
678
3578
3482
4403
1275
2424
3323
4021
863
92
571
3550
105
4925
4696
4082
2040
2029
3790
4926
154
1004
1102
55
2582
1507
243
1262
1662
2500
4593
2770
3418
4723
241
4399
3127
1924
4631
4591
3409
1860
4871
1123
4546
4145
898
2166
1858
1948
2207
6
1650
4128
69
1102
3975
1986
4103
3501
2132
4695
4169
944
2774
4688
2498
3299
2188
2241
1904
1321
3547
4079
3279
2701
2499
4345
644
4361
2472
1958
4398
4418
4577
796
2301
4872
3200
1447
3836
2719
807
4334
29
3681
623
34
728
808
3332
3738
2987
2451
4609
2900
1300
1470
589
4568
1724
1218
50
1034
28
3504
194
2550
2899
4355
2238
4372
1201
4299
4961
999
637
31
3992
2731
3131
4968
2326
3342
3085
2258
1437
4491
3331
1440
587
3088
1794
4279
2131
3308
103
3362
3228
487
284
4256
1448
3118
3711
3924
4115
403
4323
531
403
2981
1184
4897
2779
862
293
4243
2308
4956
1374
2215
2089
4326
76
3611
2266
5
319
1106
3367
3811
2587
448
3484
2753
206
2135
772
2931
1877
2811
4423
4174
4141
2884
4623
1403
4833
2700
205
1864
3271
3479
1476
77
2261
1904
271
3160
1282
2109
2492
284
381
2506
1375
4645
1789
919
1171
1220
3173
1278
574
1481
2348
891
1821
4471
769
4491
3115
3720
912
3974
3256
2176
1864
4576
1868
1974
4242
3112
4030
30
2294
1158
2319
512
3177
2476
3970
2181
4247
1055
3103
157
1957
1087
4746
4154
1015
3130
2973
4611
1618
4444
4132
2246
4094
1620
4335
3627
207
1249
359
3008
915
82
1135
664
4773
1986
533
1469
1041
4336
1293
2479
1477
64
4364
602
1012
2794
2874
114
4434
4366
4814
2328
590
1529
4575
1899
4608
3465
2376
1846
2152
1529
4969
380
1567
4832
2109
539
105
1328
3526
2475
4043
594
661
3347
4796
2009
2105
1528
1176
3060
1668
3902
4313
4088
1358
1365
1637
1055
2144
881
1389
2121
4500
4593
1975
1502
537
1361
834
3287
1687
2781
4029
1650
4841
4410
4752
2339
241
3402
2761
502
1039
2434
1952
3657
1008
2536
2493
1131
3563
4430
4137
1155
2836
2104
235
3402
2704
1785
374
704
2355
2151
4332
1276
276
4324
595
910
343
1984
1253
281
4362
4383
3489
2771
4138
4593
534
3515
2381
2408
1280
830
951
2852
4525
4308
3090
3861
4890
4101
3649
4194
3553
4684
3670
4457
639
3762
1935
4331
4551
1398
4796
36
2508
4984
4633
3824
2424
3280
474
1787
847
2872
1938
4029
2942
1432
1600
1558
477
3037
4460
1853
4203
4
3466
1030
3777
3027
4139
2149
489
3834
880
4584
3213
1331
383
4034
2863
1657
2787
3078
1008
1183
1696
3462
1014
949
999
4706
2724
4782
4041
3147
1226
3763
4722
4607
1153
2017
3363
3371
2245
3290
3288
2066
2725
4525
1846
1682
2750
3016
277
1710
998
4728
355
2713
4872
4591
4591
3475
4096
113
3880
1848
3776
3419
4915
2804
86
858
4022
4115
1357
4676
1639
3148
4794
3634
1690
956
436
2946
2018
3698
623
2587
3256
1343
1551
1756
1292
2150
734
986
1221
3609
1794
1722
349
461
2498
68
594
128
1680
192
2346
4008
4969
776
3081
788
4102
3997
420
4242
1463
492
1017
1623
579
4521
3705
873
659
3983
401
3141
1905
611
3669
1984
2560
3226
299
85
59
944
3857
38
1618
2301
3839
2441
2686
510
4394
2290
2661
273
4160
1613
1859
1169
4776
4107
126
2069
3756
210
1976
4365
27
2603
1936
2408
1138
1245
188
2202
1263
4008
2226
1833
2855
2300
4604
1596
3759
4517
1941
2896
2342
2372
1551
3757
3645
1760
4012
1227
1414
1114
3776
1757
1263
3081
4084
3435
