2916
2005
2860
1850
3258
1929
4993
2192
554
4793
3716
2038
3698
487
1480
4347
3280
137
2353
2915
4946
1957
1089
1188
4655
252
1892
4990
2773
2658
257
4263
521
2125
3588
47
3142
347
2044
384
1277
699
2753
3314
3266
1211
4745
4760
2688
2284
3174
3770
3884
2077
2035
3356
4484
2024
494
3066
723
3479
3122
3810
4562
3881
1123
3965
642
2536
3195
355
4521
154
4029
449
3279
1858
682
408
3270
714
2772
3657
1550
3141
4162
91
3402
4755
630
414
3630
1398
313
2387
1757
1496
526
1901
2581
3045
3289
290
3571
2439
83
514
723
1419
1602
4280
2630
910
57
3973
4973
1659
2268
1705
2886
4141
3162
1348
1169
2721
116
3074
1503
2412
4745
4756
4218
4776
1824
3499
483
3472
4597
3008
1975
2338
4756
4813
2112
1924
661
3901
4435
75
3252
4435
2935
4337
2778
4378
2756
4229
781
4663
4668
4946
2980
1423
3959
3646
3045
1707
2974
2289
1013
666
1366
2764
1645
1760
4237
138
3776
890
4064
2715
2337
3314
3930
2232
4997
596
4059
3396
4878
4018
2186
3376
3129
4679
652
1314
3901
2809
4136
4874
2973
4349
1140
2594
3014
1844
4646
3705
4591
1845
4019
382
4671
1488
4000
3473
4273
622
3775
2314
4488
3959
2185
4813
4376
4406
1457
3789
1022
74
2915
714
4327
785
3995
375
2867
3538
3132
3515
2585
1814
3224
3488
4694
1981
855
1965
1765
2003
3273
3226
4635
1654
1822
3308
4668
3622
1789
4340
1534
2949
3964
2564
4456
4497
4067
2717
2831
718
4571
2885
1929
3945
1104
1255
1654
4454
2210
3897
3657
4919
1472
2365
843
201
397
2078
1699
4945
244
4166
2871
4050
3264
4198
617
2345
1075
2818
3516
3875
1194
2306
2103
3887
347
1005
3143
1495
3319
4053
4696
2151
2616
3444
2133
3899
4969
1970
4049
3187
1060
964
87
4628
4998
4205
173
2421
2133
3606
4050
240
2560
1055
2534
613
2805
1828
791
1118
4197
1485
3673
849
2702
684
3548
31
2594
3187
2612
2414
1053
1684
1483
2212
147
225
4878
4733
727
1272
3501
918
1691
2200
2329
3511
3053
1172
4274
3690
3070
1325
2676
4034
2639
2331
3813
3898
400
4968
3157
4757
298
1590
2964
4582
1273
4620
3228
2473
1250
155
2906
245
3103
4777
758
816
3307
4060
4037
386
1137
3216
3761
1254
2923
127
2837
856
2887
217
1817
590
4847
770
180
1725
3598
4729
2113
2235
2583
2876
2916
1559
3358
168
1079
4830
2624
2952
1903
3177
668
4574
2276
2765
4255
1848
4070
560
1096
1783
2136
614
3285
3778
4686
1877
3540
1455
1547
3703
808
1257
3601
2618
1457
4579
3363
1833
1028
4060
1693
4013
670
1388
36
2441
1471
3368
3315
4425
657
3310
4574
3490
265
3372
1056
4003
3942
3605
4437
2187
1799
2399
4831
1094
4827
120
1509
4399
640
3293
1686
4277
139
2734
1950
4259
1774
282
3290
561
4432
1225
2123
2743
4194
2416
1877
383
2989
608
88
3501
4994
1275
1736
1014
2017
2082
2093
1331
467
877
3104
4613
62
2657
4390
329
1674
3906
4649
2108
1829
2668
1466
2778
1254
528
3868
1433
882
1637
2301
4120
1063
4590
3199
40
4689
4751
1576
198
1449
2405
4669
1536
1327
798
560
4773
1656
2331
1121
1613
4580
3017
3091
2996
2236
315
2185
4737
285
3414
669
2646
1671
3527
466
4665
4577
4172
2610
2247
471
3844
2698
2063
672
1754
1656
2062
3180
4754
4111
2142
1126
3180
4210
2172
554
1693
2561
2862
1454
4420
644
2447
478
2948
1410
4885
2875
418
806
3842
1949
4157
4770
3691
431
4194
4696
4829
1820
1317
3685
3106
4402
625
2485
3561
3867
3228
103
2311
587
3281
9
1499
1689
3679
4810
1622
326
3784
2483
1865
4622
1393
3828
2727
4540
4608
2414
3860
1914
705
697
4759
4163
3453
2652
3731
797
3636
32
3362
2879
1792
451
4044
1176
1675
3458
932
1817
796
4131
335
103
463
4826
4398
2970
4847
3042
2116
4663
4557
1114
1166
2609
2652
51
4679
4491
1812
2431
1464
3694
1522
2514
4002
4066
1658
2204
411
1203
2492
3259
1515
175
1343
2106
2826
2889
1585
4667
38
2652
4635
3023
3093
4273
2457
1785
3006
2386
4232
41
4186
1469
3823
3
4854
1566
571
936
2821
1944
1354
2683
4677
2501
895
3454
2361
4893
2355
1468
642
732
1959
4583
2429
1828
590
3884
3149
2432
2212
4059
143
1364
802
1777
418
3745
4451
1003
1913
870
2877
1773
4727
2819
2749
3387
1818
3339
1570
3221
2806
107
1801
3754
3724
2674
4907
3457
569
1447
2049
2823
3692
88
3195
373
3546
3162
2305
1521
2697
110
3850
3589
4776
4650
1243
1136
2856
632
3495
1190
4442
4439
3571
120
4235
3942
1402
4530
3133
1032
2480
4794
4975
3140
3740
877
2197
4938
908
3127
1707
2813
3271
829
4322
3055
4617
411
1642
3585
1635
4034
2497
3453
2437
887
1151
3968
3105
1080
4390
380
489
3188
4861
3469
4914
4607
3111
1371
101
2662
3779
1835
988
484
2725
4063
2541
360
309
2786
4473
11
3206
2215
3698
1335
206
4594
153
1157
3151
438
4016
51
1556
2119
4160
78
277
723
415
3174
307
2616
1948
183
2396
2498
1086
3751
4502
2750
2209
1827
1709
61
1923
3759
404
813
1675
126
1515
2008
1935
2456
1653
3327
4812
2673
3644
3364
1068
1171
3405
3492
2257
2007
2717
4170
133
2824
1990
974
2214
4882
3020
1620
3567
594
793
2767
3120
4472
1641
940
2058
4784
531
1520
696
3812
883
4869
1120
4311
3622
1306
1897
1736
3551
3625
278
2655
4415
4377
110
273
347
3247
1329
570
2424
4059
3783
3670
4282
2038
1515
3200
4803
