3395
2365
3678
858
325
1840
1322
3111
4056
2377
2884
2253
1335
3066
1240
4489
641
902
1576
839
2698
1202
2821
2198
3541
2121
2572
3745
1462
1835
1015
666
3222
4299
2118
3111
2617
248
1823
1571
3830
2543
189
4805
1585
4402
2535
4584
701
472
1289
1007
2061
681
418
3239
3273
2081
4353
4883
3058
553
3535
2490
41
1639
28
4333
764
671
237
3364
1440
833
2460
3554
633
618
3245
846
1946
2531
500
102
2643
4163
504
292
2824
276
3260
4922
1539
4737
3845
3775
1929
180
4079
3459
409
2798
2056
3917
598
3229
3536
1086
4884
3402
870
4256
2495
1395
4096
1789
2906
1211
4647
1564
1449
2192
761
4444
102
3023
2462
1635
2529
4470
4908
19
1715
2143
2929
2455
3536
3673
379
1970
3221
1135
678
3331
1282
1913
4311
3398
3533
1008
4595
2708
2143
1762
1533
3937
409
3870
667
3719
3171
3151
2601
47
1666
2904
4757
3576
2069
3067
698
438
4802
190
753
4864
466
4494
4061
1032
3771
2291
3223
4955
2689
3317
358
4205
3175
2169
3934
1890
2951
1092
3764
3281
2830
1021
3265
979
986
1458
1007
554
271
2089
1675
2860
120
1678
2256
1536
370
1013
4637
3590
4480
1803
1233
2232
2947
4608
3081
2824
3812
3729
3742
3171
4443
3422
2811
3312
479
4434
286
1869
3651
2352
2162
246
1128
2463
1850
4915
4748
4547
3961
549
4889
567
4407
448
3471
1792
419
294
1494
3715
1143
2054
3269
982
653
2289
3787
2630
4299
2093
2229
3821
2948
3651
2046
4685
4965
112
4707
2040
2383
4015
2913
2077
952
2685
1845
887
792
3908
865
4986
809
1868
2108
3865
1320
4818
1454
2028
1842
558
4301
4803
4238
1620
1298
1636
215
1195
3920
4744
3559
802
4153
647
2793
1316
970
4496
876
4991
3417
2936
3705
1471
3288
469
1860
4102
4871
2250
4284
2117
2795
1583
2996
869
3818
3883
1985
4414
381
4973
2405
366
3808
3388
696
602
4362
807
1525
1210
4472
1950
1447
4082
1322
1315
2216
408
2728
3913
2828
3152
3783
583
315
1218
72
2818
2206
1387
255
2438
2691
631
1566
2207
848
131
750
4900
3760
2608
3474
4528
233
3004
191
1160
1309
493
657
3726
4147
297
696
4526
606
359
1400
601
1272
1872
3391
525
2360
2210
4108
2429
3033
3611
2477
4613
3906
2082
4937
4468
1052
1976
3068
4397
1235
3209
463
3720
3637
2923
4769
210
4780
4331
964
4422
1893
4735
705
4281
3718
4779
4269
317
742
1539
1371
2457
3007
3252
1991
4942
2802
2247
653
2452
2403
67
618
1831
1782
2152
3217
3842
684
4037
966
4094
772
4581
2674
4729
530
2127
3846
622
1345
4344
2002
3902
558
3402
3038
1175
907
1336
3238
3298
102
1360
1232
1545
589
666
1510
3420
3067
4517
3180
2810
1065
4528
2665
3394
1332
3840
1869
1924
3106
3736
846
2010
492
3146
4791
1220
1214
2653
1669
68
4613
1020
491
1721
2824
3131
492
4308
4840
4862
2550
1039
578
4504
617
4872
306
3566
3094
2117
4887
4039
140
2405
2820
3890
553
1316
2764
197
1094
1513
1445
4740
424
421
2185
3006
3716
1931
4026
4452
971
271
2117
4316
2335
2934
1551
2103
3038
4260
1329
3834
2497
2305
1794
4427
4880
972
4505
2154
1837
112
1958
1220
1452
1777
4157
321
1112
1222
414
632
3529
3715
4486
568
1287
2648
2993
2690
1029
2369
2109
4885
406
4339
1777
2405
1167
2687
1264
1188
3265
1793
1925
4177
262
877
4634
1094
1205
3137
2039
4847
1582
3076
2488
3127
991
3981
3794
139
1066
3195
1839
3485
4774
718
73
2503
1910
1783
3054
3520
3846
294
3169
811
1683
995
1815
1542
2039
991
4543
1905
2522
1217
1948
1943
224
3161
3737
2191
1476
1231
601
1235
1175
4642
2677
2415
2163
2808
2446
4367
1995
3097
2152
4347
4435
354
355
704
3709
4837
112
2181
1237
733
904
1284
303
4713
4622
1153
115
3848
3069
2168
3215
2070
3954
2492
465
973
272
2664
218
2462
3501
3192
3045
4394
492
2300
4081
4129
3421
3692
326
84
706
1685
2776
1272
1976
690
411
2521
2314
1627
2525
3030
2227
4851
250
3
2192
4421
562
3183
4439
4940
4797
1781
523
3767
2323
4192
2887
1213
926
1219
2222
2142
703
4352
4573
4148
3152
4996
2581
1052
4553
4992
4464
2367
2288
4016
1585
2971
1440
2345
1183
4552
154
2457
725
3423
2917
1741
1430
4260
4529
2900
3413
3853
2851
3949
2881
105
666
737
1166
1004
2763
4999
943
2934
4052
4814
3208
2723
820
2200
472
3149
957
2203
2575
1985
4347
3792
4851
2189
3849
137
3941
2636
442
1844
4045
1286
1086
3906
2341
2595
4761
2178
2245
3178
1213
3533
1979
835
277
4571
3366
4583
2043
3052
1349
333
1045
4662
692
4288
12
3846
312
2608
4486
732
2312
787
338
3415
1760
3882
957
68
1070
1203
4687
3976
2072
1520
2440
1401
3587
3552
2642
165
2440
3760
711
3516
3562
792
61
1496
4733
1607
3539
2389
8
3073
2571
2418
3609
1742
3629
3173
2922
589
3405
4708
4531
3930
2265
1847
1447
2990
2784
1664
646
3087
1697
3304
4949
2817
4771
2617
132
1773
4604
3546
1621
3138
3510
834
4850
3906
2926
479
306
4641
4154
2959
26
4752
2597
1990
2855
2701
4076
4457
1116
4319
2964
2821
3364
233
4281
2575
4930
2092
2080
503
3892
4815
4132
221
4260
2769
1335
1849
3508
4933
1715
2382
2621
3293
2167
3544
2406
2028
944
2803
1680
1908
3221
4035
1383
4158
3682
3422
4104
3107
2322
340
2300
2156
4177
4509
4642
4821
182
1621
2030
2395
672
3180
3536
139
3569
3935
1050
4467
