240
1280
3728
670
3744
3113
2683
552
2137
95
337
4771
4771
4068
4159
2716
4710
3986
199
1405
3002
81
1606
3865
520
579
2989
2113
2120
927
1396
2569
530
883
3137
4362
4698
1988
3927
4025
4355
3529
2410
2182
1800
182
334
2973
1950
3438
4917
1612
3113
3205
1198
2864
1780
18
4638
3381
3650
4017
3731
3665
3146
3959
3990
3683
4440
3066
1699
1964
4043
4873
918
1931
1899
2139
4827
4905
1010
4958
3175
86
1686
1146
352
833
4339
3021
916
1964
4296
4855
1697
2488
4865
1510
1647
3313
2875
4278
3878
3562
1011
1006
1820
4944
397
3673
2690
3619
2291
3842
407
1171
624
17
4356
4544
4388
2416
1520
2262
3320
179
3238
1908
641
574
2221
2955
3305
3744
1621
3936
4332
2404
3521
2945
1055
4727
2234
1408
4350
3066
3273
1903
1608
2182
445
197
3565
2190
2641
3147
124
4053
3807
3760
4634
4381
4701
2157
90
1659
602
2472
4927
2706
402
3997
3525
3958
2035
1163
1936
4584
1016
3196
3286
4851
3840
4753
3947
4976
1137
4310
2989
217
1881
4622
4083
4798
4171
620
2547
3917
4308
1383
1702
2758
2196
3251
234
3259
4662
2377
3874
231
707
164
1389
2531
1557
1636
2445
4937
1615
1866
3211
4328
3517
3174
726
1847
620
1591
3587
2812
2296
619
13
571
3916
2056
461
2060
4346
4044
3392
4083
4982
4299
3914
3280
2084
2896
2160
4429
1325
1435
792
1464
2322
4602
4081
2720
2789
3445
1683
1298
2090
2467
1581
148
1085
4673
2942
2567
1215
1007
264
2137
1609
1453
1729
1903
2947
4105
968
2433
2386
2927
3825
2279
837
1068
92
903
3261
2972
1643
3016
396
3020
3849
904
3859
4010
3660
791
2839
792
2502
2475
780
2952
922
743
4331
1527
4780
3747
4885
3029
4924
2354
3802
3447
3073
983
22
893
3271
2512
4535
4719
1628
4206
4712
3198
2926
1175
424
2572
2724
2359
1635
1752
1856
535
2266
2740
4226
2869
1470
881
4808
2743
3663
1539
4939
4403
152
4165
595
3074
3302
2596
2112
4919
2975
3839
4468
3015
2791
1104
496
56
2506
4918
4869
0
3463
3058
4768
885
3554
4146
4290
4431
2343
4649
3810
4447
1469
1405
2991
686
2852
1260
366
488
4497
3333
772
1137
3855
1109
4314
2357
4027
3053
1812
1717
3845
4440
4527
3776
1223
1649
3169
4502
3299
199
1902
4490
3102
4395
532
775
4077
726
1716
3786
2223
3925
3948
370
916
1850
2817
1271
4026
4293
810
1203
4162
4783
1389
1858
419
1698
3546
3244
1910
4014
3248
2003
3972
1834
3113
4059
4429
4583
4451
3554
4192
892
375
4189
1042
4243
1590
377
240
1198
791
2770
2056
844
860
3639
2961
4398
2422
4565
2422
4318
1856
4219
691
2998
859
2677
1374
2271
2261
3690
36
1070
1308
1786
4024
4066
1339
4374
924
1218
4935
4914
4846
120
150
3679
656
4310
2017
3373
4869
703
63
3159
2530
4988
3484
2452
3738
4085
1136
3690
2352
2696
4269
824
4106
4037
443
4659
1845
565
4709
949
149
518
3084
1869
3783
4435
544
497
2098
3787
3063
2230
1140
2335
57
3654
1995
688
3126
2560
2676
4084
844
860
4285
1129
3294
4906
2962
2849
3127
2236
4823
1750
3575
2392
1135
699
3788
4496
1503
391
814
2373
2441
2649
2382
4525
442
13
4782
2548
1607
4447
2659
3342
788
83
867
452
3904
4596
2302
258
266
3383
2377
1593
3715
4377
4804
3892
3307
2280
2457
4334
748
927
540
2157
557
3065
830
2457
4132
4842
321
3706
1771
3456
29
911
4539
2711
2252
47
583
317
2848
3639
3654
488
4676
2686
3519
4867
3686
1603
3934
4153
2116
1567
1827
3678
1029
427
503
899
3626
26
4935
3887
2788
3919
4201
4115
201
1278
2017
962
2376
3347
562
2610
2368
3926
2407
4053
144
3334
4744
2985
3573
3062
598
3203
4363
3405
393
2289
3129
2745
2738
359
3802
2795
184
4410
3699
4338
2020
1032
1161
1773
3333
149
3239
1124
3951
2958
1512
4441
814
2545
3969
948
741
1302
3786
3428
1244
1534
4275
392
3352
67
2619
1310
2374
4856
678
4312
2852
1427
4819
1837
2850
1205
1607
1744
2451
3462
1394
2862
4282
4833
2522
1138
4419
1864
3088
4871
2168
2336
3785
242
641
4219
2794
1878
3360
2412
233
3070
4714
2347
1091
2748
3823
552
4797
468
1401
2987
4013
1959
4376
3259
4814
1860
1611
2082
4158
844
3202
521
868
1400
4258
1483
218
4595
4655
1910
4664
1088
2343
661
4719
3117
259
1097
4328
2181
3480
936
1157
4843
918
4469
4621
187
3755
948
2457
1700
2436
3533
1884
4035
3885
674
2390
4817
2081
965
1366
4622
3159
2998
2831
790
3059
1388
4803
990
223
4518
768
267
1657
612
3620
1128
2371
1500
2302
4806
1810
2700
2062
3766
248
4799
3350
3877
4310
3092
4497
235
1574
540
4214
224
172
4231
4690
944
2527
4517
1137
4699
2762
1554
35
2232
3405
4187
4648
3090
3859
2978
40
3060
1930
1071
462
3510
1846
2387
1091
4326
680
3884
4819
4454
1690
2096
1626
2171
521
4602
2285
2569
2742
3915
324
4668
1684
1045
2971
3353
2891
4083
4266
2387
3339
598
115
1039
195
2985
1424
4549
4047
2325
2016
4783
1295
4963
2300
474
4667
4098
3753
3645
184
726
1132
2602
1501
1319
1972
2253
1546
4053
637
1090
1438
2841
1647
898
174
960
2374
993
2542
401
1521
2697
4080
3219
2497
252
839
2522
1911
1892
516
142
1686
805
2192
3908
4422
806
1176
2972
2191
517
2471
1118
3964
1954
3996
4658
1463
3344
3910
1805
1580
4379
1414
2509
3338
4045
2961
3733
3899
4660
3342
4556
1699
2450
3447
2452
