1600
2866
518
456
1208
3933
2288
4574
41
3294
4963
663
1292
4810
2623
2321
3479
3490
4497
661
2128
1234
1606
3974
2122
1178
3487
3895
4830
3765
540
3049
4868
1180
2452
1102
3993
2860
1295
588
393
4198
170
3885
1517
2134
727
2780
2271
2767
2500
117
1658
957
2202
1162
145
1896
647
4028
484
2212
2041
2837
3021
3656
3932
3721
464
2482
309
2471
192
1562
915
193
958
659
1300
254
4130
1917
1747
3478
3550
3711
1954
2709
4773
2996
227
1851
912
1466
2443
1075
2513
1541
3496
4853
2978
3249
1564
815
342
3473
3989
877
3316
1363
2841
517
3151
1488
184
3356
3391
310
3714
4477
624
1171
2666
287
1657
2358
387
1449
3125
919
3592
57
2268
3223
1865
2789
439
903
4427
2430
2879
1378
2272
4308
1691
4947
3079
2562
477
2451
3931
2141
2385
289
4783
2997
909
303
3492
3174
625
1875
1363
4243
4615
3512
1989
860
2501
4247
3763
4458
4874
655
4556
3621
53
2973
3604
1318
4456
4433
4144
38
786
4500
1587
3479
271
4263
93
4903
4676
1508
2371
2547
2124
4622
3871
1693
720
1014
1831
1829
1290
4965
4017
2477
677
1815
1210
61
1256
1406
1895
2195
1004
2472
1190
2303
2875
237
435
61
4657
4381
377
2375
2601
1454
2068
513
1637
457
2978
842
2052
3521
703
435
66
962
2954
504
1970
642
739
1152
2227
907
1797
2170
2181
3127
1867
4537
620
559
4415
4243
4917
4172
3470
3736
4805
566
3094
447
1159
1964
4463
2553
2210
4984
4054
4913
1809
2839
3594
957
861
1642
2947
1400
3047
3439
3831
3684
4949
2388
2365
211
1725
2656
3763
1091
1964
1638
1459
1946
948
1984
3388
986
3268
4198
2946
1297
2943
3900
2468
3108
4311
718
1379
1419
3051
3398
3312
1865
2146
761
155
2924
2874
3863
2075
4574
127
4737
4584
1067
3060
4999
2569
2884
522
2054
3481
4160
1597
3765
2034
4752
1890
3721
330
4334
2780
2955
3958
4238
4430
2677
3591
2063
2166
2564
4754
2002
3036
4330
2538
1533
1126
2810
230
3644
2280
2105
233
2774
2022
655
2825
2957
1536
1398
4680
4974
3273
3282
80
1257
2023
2201
4286
203
600
796
3798
262
4920
2868
2494
2600
2313
930
3566
173
3016
3388
3108
3957
3403
4059
717
2372
4598
829
1986
3794
4514
4484
2723
780
785
4099
56
182
2594
1339
4933
2816
3474
2639
33
1895
3835
902
3371
1736
3781
4690
2762
4444
4308
1214
381
3986
1249
1770
1387
63
1965
2994
923
4756
136
3443
3011
1341
2197
3147
4205
133
3447
2153
1952
3183
4157
3845
597
1995
576
1441
2088
3113
938
1235
4948
3889
1073
4390
257
261
382
4378
2068
2783
4365
1582
1911
520
1484
216
1734
531
302
4269
3256
2048
2350
947
4575
804
1878
3951
2436
1396
1436
4511
329
3702
612
738
975
1193
4436
689
919
3495
2303
684
3762
1939
2581
3924
3799
2681
74
484
376
327
1005
1787
4381
1973
3613
3350
4710
1852
1321
4102
1631
52
4354
1259
3926
2226
2619
665
1161
4224
3757
3734
3656
2755
1228
4890
647
495
3823
361
1067
3802
3364
4084
2328
2012
3755
1580
2170
2228
721
3508
2980
1755
4809
121
454
44
1847
857
4719
618
2738
259
1916
654
2374
4807
885
2602
3495
147
545
3790
729
2772
901
2447
1305
1498
604
1991
1674
394
939
4101
4739
1734
3737
3396
3262
3019
955
62
2469
1651
3713
772
3845
3300
280
2385
4096
1708
3888
4103
3090
3427
3774
4503
3084
4230
3691
2480
3616
4746
3222
353
2900
4817
2743
3301
3586
3623
3208
3153
2105
1275
4027
9
2663
2845
2923
3644
2405
4109
3406
547
2073
3733
2547
1114
3971
2282
4830
2550
1080
385
2536
3992
848
3235
3367
1821
4962
4102
4044
3365
1025
2956
2789
2111
2768
4032
2904
97
4449
182
1636
2340
328
4394
2275
2991
4145
2790
1368
4039
181
292
699
4329
1587
4267
138
3481
2604
2429
1588
2361
4011
3103
2857
3796
733
590
3762
1949
1943
936
699
2628
4155
4350
3348
1772
771
1554
4214
1390
4485
1002
3574
2581
3653
1820
3869
627
71
2444
432
405
4700
282
313
3417
3190
2499
4114
4265
1227
22
4420
3843
4170
2443
1712
254
2333
4131
1163
2040
2275
4805
1812
4847
1566
1979
3149
4168
3445
4370
1629
3773
4280
4016
3300
4355
2653
3847
939
804
3332
3634
4041
2715
4943
3717
501
2797
2779
3739
2121
152
3561
2017
4414
3317
2722
2974
3547
1752
4587
2014
1130
3247
3565
159
4906
3014
1044
497
783
838
4745
4348
46
176
699
2534
1889
1051
3530
1964
3349
3374
3507
112
608
3389
3715
1855
1802
65
732
2250
4675
2807
2682
4597
13
4804
3730
2991
2104
3762
1497
4487
3901
2675
918
2964
316
442
220
2279
1435
2526
2941
1332
1846
1733
762
2219
3655
1399
1883
260
2937
1645
4668
879
1840
4996
1604
3385
1317
3683
4493
4076
3490
4323
2660
1692
3829
2961
1615
1579
2304
4688
1660
3582
4220
4216
2833
2791
819
4012
1227
311
991
4943
3368
2723
4450
859
196
2803
4649
3833
2549
4703
2075
411
1647
737
3726
877
2299
2935
880
692
222
2476
3176
1809
3098
4887
1984
2522
4810
1339
3759
2221
1662
2818
3831
1702
4424
1799
323
3929
3617
4052
4088
2443
420
2399
352
4763
1200
3831
4973
4587
2422
2965
3153
1167
659
2182
3870
2617
2696
3683
3519
1510
344
4407
976
2897
2371
4787
1512
1325
3742
52
1433
515
3058
2333
2724
2323
4482
1256
2264
106
4102
1462
486
94
3091
2271
4696
4911
3993
3913
1485
2213
1615
1263
4705
3859
1175
365
3336
3565
