1933
1643
1996
4783
1614
2946
2676
3333
306
2715
1229
495
3668
2090
3216
4050
370
4189
2663
1582
1595
1924
1183
1986
3492
3225
2770
4739
4978
2429
1897
1933
495
4385
4436
3147
286
797
4509
2323
4565
1876
826
845
2457
2429
2380
2344
1159
3233
3960
4041
3337
3691
3844
738
221
1026
4586
3700
187
3212
2777
4445
1810
4039
457
873
2852
4936
641
2299
327
1610
3770
3819
3563
4886
1016
3929
4176
2976
2095
250
2608
2871
1733
553
2485
2351
3095
1220
3480
1871
769
3692
2982
2271
1384
4984
2474
2901
4130
1345
2862
850
2822
4978
2357
2594
99
4463
717
1848
1839
405
3292
2784
2921
1109
3697
4059
1340
1072
4078
847
1385
2802
1948
540
378
4028
4808
230
4351
456
2037
4255
1670
628
3152
1174
3177
1919
3770
4917
1237
347
4582
2335
1207
898
4238
600
640
1844
463
4065
3553
1198
2942
984
1023
2000
2794
3570
3239
232
2542
3167
1534
545
1470
4016
2076
4648
1637
3788
1652
1981
984
4843
1130
3587
1202
2535
3738
2671
3674
2883
3073
1633
3098
4866
424
3796
3114
71
2723
2465
3948
3158
4709
4852
2027
3275
3015
3894
4449
1505
3710
2254
1796
2171
3206
3101
4508
1040
4823
2493
756
4767
1156
2907
1452
1351
62
4813
4966
2009
2834
3477
1012
1951
1847
2961
3305
1463
4522
3293
1379
1011
1645
498
2664
2167
1730
1856
2693
2541
3489
2429
2711
4535
661
3401
2709
2972
1404
3622
1482
2012
3223
2146
2318
1746
517
282
2029
3425
3454
1211
776
816
2061
4016
4747
2078
1143
4534
2214
3842
2783
1284
4388
4468
2725
4179
2311
1148
4978
555
326
3284
3817
4012
2864
3567
4803
256
2406
240
4512
2679
3088
1474
3160
4368
4867
3094
16
2121
3318
3911
633
2636
2254
780
4128
3757
3881
1390
4852
4837
727
1065
1004
2627
4699
3657
4875
3378
2265
3225
3663
4839
2763
1252
4701
2352
4323
51
3427
2498
4585
1687
4119
2987
2054
2375
4941
2867
4875
641
2095
3655
1422
114
224
4472
2889
83
3196
668
494
1027
4972
2378
372
1692
690
3239
2197
905
3522
617
21
592
2482
1857
440
4525
4059
3334
329
2281
2794
4443
3423
4855
759
3905
2630
1249
2403
1437
4834
2883
464
4439
4505
775
4791
3049
1591
2542
2342
3541
1809
2417
2824
3817
591
2557
4331
4068
1464
1227
342
4124
3288
48
3937
2594
874
4470
3709
4758
3253
4279
2833
2366
1044
4596
3385
3914
217
3847
2790
3300
2513
3734
1355
2655
3268
2638
4858
2221
795
1476
2012
1438
1203
4609
2025
1802
1187
2909
3460
4739
3975
2869
4386
3861
3011
2827
2277
4785
3522
2167
1684
1686
3082
3406
2104
268
4302
1660
3578
4709
1328
3454
1608
3142
405
1502
4718
3326
438
4784
4709
4
4820
3704
445
1848
1103
4734
2470
2445
424
2410
357
4802
4615
2972
1611
4613
2797
4637
7
4859
2338
4435
1107
4153
1467
3318
4175
4201
1792
637
79
3992
2250
3553
4733
882
4332
2909
4953
3458
1225
1721
173
3089
1972
1949
2457
1088
244
2211
4170
1177
3507
4442
4640
2877
1322
2299
4874
917
1295
4876
424
3396
2268
159
3229
715
761
142
2431
4639
1481
3425
1411
4930
312
2951
445
357
4031
231
3932
1422
611
549
3328
1874
3502
3372
4586
612
3360
2763
3432
197
3885
900
4998
316
1670
4605
656
2397
544
2526
2152
3850
2422
4718
4567
2039
3171
3159
4695
3107
4528
667
679
524
969
4550
3375
3586
3621
2165
4266
2506
731
2108
1295
2162
3595
4735
4830
3676
2156
2335
395
4280
981
954
3811
2122
1941
121
2087
3262
919
1995
4686
861
860
315
4711
1037
2017
321
4549
1551
3901
80
2470
698
4962
1251
4107
1973
4558
2507
242
1666
2557
4730
3711
1139
4517
1926
1090
4074
2081
3777
839
2750
939
2266
4706
4059
3381
1577
2083
1390
3381
2071
3558
3571
113
1032
1439
300
1625
3408
32
2400
4533
3947
3069
140
190
2631
4997
3126
3757
2714
494
1404
4178
773
3424
4347
3360
790
592
4431
470
3952
3329
4084
90
2108
4663
3052
4303
1567
1233
2947
2298
1221
342
4640
1529
1917
111
295
3635
1796
2233
608
3753
1134
176
2150
4170
4808
4897
4445
2776
4291
4284
1889
4604
950
3321
1521
1857
1533
994
864
2516
3095
1020
1187
4104
4519
2736
2050
366
2369
1855
1960
747
99
447
3331
1715
317
4859
3537
4105
2260
2370
653
1691
1551
3623
2946
4680
2427
3373
221
4763
4180
171
1627
3229
2339
3125
1026
394
439
1954
349
2049
223
1076
4015
3600
3831
1621
2257
3572
3704
3575
1771
437
3803
1822
4110
2982
2477
3442
1403
2413
3827
2508
579
1490
2024
206
3871
4293
4953
4927
3419
2324
4733
270
1999
4487
2218
2908
14
697
2672
569
4174
4611
4114
4007
1227
1557
3530
3018
2296
1506
3922
71
1902
4446
2504
1557
3715
2169
415
3573
1481
2086
1224
1773
3226
3675
4638
636
3208
309
3801
3751
4632
4430
3531
3971
2732
3838
3761
2506
2657
869
4381
4899
4717
3624
3091
2993
4465
2410
80
2683
68
2210
2740
1410
2293
774
1834
4914
195
4896
1992
4047
2558
3356
3078
4482
4006
198
4163
4145
1250
2008
3505
2063
3217
3763
4110
446
1567
4290
3504
3582
4187
2701
808
3112
824
1658
402
2944
950
2460
2575
3960
4308
23
577
4097
4684
2296
4791
2070
3301
2039
1616
1957
1707
3834
2899
2289
4836
3407
888
2180
4983
1630
2156
1007
3013
4599
4156
2829
3130
4051
3861
3024
3459
2683
181
4161
4024
2406
4783
1035
2026
4009
2002
1801
3665
3791
573
1502
1604
456
516
2653
1836
1006
3062
1747
312
