4127
4598
3482
3359
2557
27
4071
2295
145
2869
951
2005
2137
742
2106
4163
3337
1842
4036
1264
1019
2756
2415
3593
3554
3129
2538
4940
4524
3262
837
1272
4249
1135
4846
293
3277
4343
2294
4555
998
2469
4954
334
2148
4933
2771
1609
3152
1584
1964
1402
3421
1422
117
4247
1897
1249
3602
4643
504
3952
3729
4125
2985
2564
3533
387
4798
1674
104
3917
4609
2381
1987
1546
878
350
335
4035
1604
1896
2141
963
3432
1902
2924
1888
4553
88
4538
4342
4674
1889
3611
1990
626
2794
1467
271
1260
3500
426
4401
2167
1635
1279
3975
4747
768
1424
3637
2377
4941
1100
2177
4284
3277
3117
4117
3741
2659
244
720
4926
2338
283
1065
3361
200
3315
3353
2825
2179
444
1111
2319
3654
763
2679
4799
1049
3939
285
3385
2125
692
3494
4535
1328
1544
1806
3755
2381
3576
2378
3427
3880
3130
1115
2649
1444
910
1980
149
251
2037
2871
875
2054
3868
960
2647
4739
4957
4049
3287
4897
3614
2896
3233
355
4092
3482
229
2296
3066
87
395
89
771
49
3717
1254
2897
3904
4216
1807
2911
1544
4
243
325
2218
4875
2748
853
450
2525
3605
3869
175
2830
1983
109
784
3114
4582
98
1375
3317
3560
706
3688
3308
1701
3852
1989
2673
393
4116
3504
4323
3323
557
3501
2613
1156
2676
3643
2674
243
502
3997
2766
3530
3600
2379
3121
517
2418
1902
1190
604
2471
4421
2816
4059
127
3725
1556
2835
4005
4393
4734
2446
3356
1360
3060
2876
3581
377
1465
3772
3910
1342
2475
1945
2449
4822
4151
3010
293
639
667
518
3508
1124
3045
788
3919
2468
3893
293
667
4339
4843
274
4716
4177
4294
2514
517
1167
2155
2199
4563
856
3551
2083
3961
3426
1064
3900
3200
4806
480
4112
1174
3918
4152
1026
4130
12
2494
4076
1316
2983
134
4161
4147
3122
3844
3556
4936
2773
2316
3228
1106
3890
657
4347
3714
163
1867
829
102
4130
3860
1398
2052
3690
2116
3048
4093
1750
2175
1819
2552
2403
4968
529
1997
3259
1399
3156
2237
3940
214
2411
236
2124
1645
3672
3046
4975
3926
2070
1694
2332
2850
3147
3008
217
2158
3208
399
4000
169
2192
4479
3926
2024
4888
2849
1948
2977
349
4122
3388
3255
2005
478
244
256
1524
2907
4306
2144
4276
66
784
2621
4286
3417
2449
2354
3468
4912
4890
3592
3080
4160
1279
4625
3403
1853
4455
3303
324
3498
3504
4
1875
4829
4842
2271
1082
2042
4606
774
1877
1200
2978
4350
1815
195
4990
4538
1547
388
1688
3617
3178
541
829
144
1229
4824
3501
1337
1377
2707
1729
1478
1604
2833
2280
1149
3870
4736
84
1772
2191
3914
1034
342
476
885
2771
826
548
3324
4633
896
1267
3031
1608
3936
2049
1401
1386
1288
2184
4698
634
381
839
2286
4490
3229
4458
3116
3897
2914
1192
1792
2330
1004
1535
4609
3784
3796
3156
4042
942
3874
602
4087
2368
2551
591
2500
2095
4138
3286
2343
1017
2476
1332
4865
2997
571
2575
313
2663
972
2894
587
1618
1147
93
2756
4382
190
3137
1099
2287
1941
132
2004
3291
4787
106
4955
4548
231
1852
4694
3660
2301
4548
3309
2638
2165
4543
3052
74
2812
3630
70
130
1832
294
3503
41
1057
3734
323
84
1180
3298
3521
3864
43
3639
2600
2743
926
1667
4450
4033
4524
3265
973
3738
3583
242
4412
2664
3907
804
1020
2464
4871
4990
4409
959
793
1442
1739
3856
2663
2158
232
2172
439
4103
1134
1210
2484
3255
231
871
4064
2724
3946
1983
2702
4147
2399
2396
780
4786
1204
2262
3849
4771
219
2916
2202
2749
4921
3608
2979
4988
3384
1031
3051
4610
3194
4996
3942
402
1647
570
4151
967
1577
4614
2570
4580
2641
3975
4393
2379
4564
4889
1531
1752
876
4834
1177
3080
2190
1840
3952
3214
2010
118
900
3668
3535
123
3939
4167
3308
4421
2857
1036
2002
1357
1722
4747
184
3070
4849
2194
3255
2921
3170
1211
333
1592
3526
1852
2558
1938
623
3503
3206
291
2291
1175
4729
3415
2166
397
4963
2575
4468
3946
3167
1408
3272
2737
1813
1679
1007
739
1481
4144
4954
3508
4252
1484
1013
899
4359
3009
4275
2139
106
1334
2944
1553
1563
481
2659
3798
3490
231
4151
4606
739
1556
799
958
4470
4780
2812
3334
3139
1600
412
143
3437
1969
539
1113
3328
1442
2879
1143
2694
1967
1598
2713
4071
924
3750
3381
2899
2107
342
1986
1250
1711
392
2298
4346
2786
3944
538
1306
3142
743
3510
3414
4184
4559
1152
2219
2494
1404
6
1225
3462
3032
2140
1405
3663
837
426
2860
3726
907
3866
438
651
2204
225
3347
1550
2942
2239
3949
2086
2219
1411
4193
2027
1310
4504
578
2912
433
2776
965
1261
4895
2379
3714
4692
2292
56
315
4695
1858
935
2865
3406
4978
658
1753
2033
1482
3962
4653
2289
1326
4739
3224
3528
3818
2083
4288
834
3360
2963
3439
1987
848
1568
4544
4486
195
2796
2350
1346
1871
3664
3356
237
4675
4124
4815
2036
2604
2911
2550
3247
3698
4853
4034
3097
3445
4961
3880
1326
3537
2496
1197
4778
3630
1313
4866
136
924
87
3033
4063
3928
4689
3781
4364
3878
75
504
345
1034
4631
4467
3556
1970
3217
2493
2738
1914
771
4387
2970
3862
491
214
4677
1844
2208
1561
4012
1492
1635
4351
1845
1709
3630
3878
4188
1715
2767
1491
4241
1647
3179
1288
123
491
4797
1677
1232
3830
4873
796
3092
1351
1246
4261
3806
2833
2008
3648
276
2449
1743
1132
3750
3772
3798
3949
2875
1496
3651
100
1662
1754
713
2019
3468
2564
4597
1274
881
2778
2405
1087
2968
4976
894
2977
3625
