374
4196
32
35
3697
2426
1450
4131
1636
4297
4808
3029
1021
1810
4115
1791
4675
573
2736
4524
1302
1757
3497
3839
359
2633
3871
1589
1245
356
4361
263
347
4038
3136
1507
2344
2162
3320
1296
286
1555
1335
2097
2303
1051
1030
793
2308
3959
2648
1381
1725
2899
3110
4205
599
3311
4780
3489
2522
3292
4572
4394
2873
1986
768
4813
2783
3153
2692
4962
1424
1658
767
2920
532
2491
4886
3939
2844
569
1156
4845
3693
1740
2907
4281
4335
2168
4576
230
4123
2746
815
4884
4737
2890
4483
3965
2933
235
888
2419
4130
3974
2765
3246
68
1842
1784
1490
1818
792
270
2743
2567
2866
1620
1975
2972
2168
3294
3261
1376
3096
1348
116
63
2167
3566
2040
4018
2029
2465
855
802
3517
2383
2789
4727
347
3932
1535
3900
389
2188
2158
1809
2708
647
4071
400
3566
1106
4144
4410
3422
2867
4913
3632
409
4127
1069
2570
1424
2825
2910
2875
1677
1221
2410
536
1489
4710
262
56
3891
4947
465
30
2407
3087
978
432
4580
3050
3321
296
2707
4889
2883
972
3501
2116
1053
1276
4513
1505
2491
1345
492
2394
319
4833
2610
1768
1892
644
1872
313
2115
272
2798
864
3259
3154
2900
740
1330
1094
2753
1469
4798
2795
1097
1308
3295
2953
2023
821
3420
1139
3191
2167
2989
688
1891
4993
4455
3681
4191
2971
2855
3516
2640
2596
3584
4973
2160
3504
863
1982
878
3944
2479
384
3241
4647
3036
3616
1166
3394
4887
754
2766
1452
1272
2902
1877
1574
3827
2406
2834
563
113
4228
3869
2518
1153
1778
621
2340
1101
4203
1057
3423
221
2394
627
450
642
2256
2334
4113
725
1527
3856
805
2768
469
4874
2919
4096
1360
4754
2917
1716
4152
1216
3515
3451
4172
4654
3321
4228
1193
3048
3262
1877
663
3388
1983
1207
602
2451
1408
2001
4246
1985
4273
2599
3663
2256
2471
4118
329
3886
2393
3171
4324
889
986
2834
4309
410
887
4776
3157
87
151
4129
3832
3627
935
269
3979
2001
3846
1499
3898
2446
1268
1331
1646
3811
2485
4577
2236
4953
59
4698
4018
1282
4358
4198
2264
4209
3934
470
1148
380
2769
4763
3564
4407
1523
3484
4182
501
1312
908
2855
4100
4561
1946
4026
1424
4280
2325
4650
227
1147
2470
4331
2604
772
800
473
670
484
80
1235
834
2646
3129
936
3698
1674
3291
3221
1726
847
3855
4625
1541
172
1159
3672
67
3082
1083
527
4828
4910
4040
4988
2913
563
4597
1256
4344
3818
3646
4119
4702
677
1215
1118
4570
4892
2372
1285
4110
3796
4521
1794
2910
4966
3161
3495
10
1039
1289
4213
4828
122
3820
4637
4007
2346
880
1370
4454
3224
910
3939
3468
1944
1295
202
104
2524
856
2740
4528
404
4443
356
707
3441
4265
4881
3357
3636
1463
2660
506
4951
1477
3293
4941
4332
857
2218
2429
1201
790
1293
157
2334
2214
2918
1070
1417
3391
4407
693
861
3871
739
1740
3301
931
1049
4881
1560
1491
4145
1568
3908
4214
4479
4618
2539
2239
4036
2675
1853
25
1536
4110
1938
2346
4401
1593
4861
1908
4346
1852
1172
22
4988
2705
2448
4714
4525
4905
1791
3459
4395
2179
3755
2086
3944
1599
2046
1951
2908
3554
1307
2863
3244
2965
896
586
441
4344
1055
2735
3776
1692
4842
466
3602
4608
2657
2583
1453
2901
3502
105
1803
243
4740
4274
4872
2021
30
3627
3458
2846
2601
3213
3863
530
2809
2246
4802
4643
4326
1620
1864
2554
1438
3731
3095
4989
2159
4840
1830
2556
1131
4549
1841
254
1637
3231
3692
3916
4177
1709
627
1261
1435
4010
3331
1451
3420
1392
2865
2383
2787
4800
3077
2512
1903
436
1376
25
1337
3106
2291
545
3275
1564
208
3021
2652
3466
1901
3573
817
4552
1925
95
3690
2336
4072
1910
1570
77
2237
3588
785
766
3707
3116
3150
2616
2984
1947
3818
614
4408
200
4847
3404
2369
764
3453
2036
177
1196
2182
217
1344
203
4563
2403
2751
4994
2319
2630
4701
4164
4104
195
3188
2602
377
892
2156
4622
2529
2097
4793
3583
3032
670
1444
2144
2785
4746
2716
768
1071
259
3090
56
1798
4937
2672
2286
2380
3151
3039
814
2505
3336
4827
1928
4230
4226
2213
684
1179
574
2051
3393
3880
4578
454
3252
1360
2260
3692
1909
4853
3086
4465
3453
2406
3022
1751
2656
2275
226
2104
1424
4138
4967
209
1656
606
3465
4670
1148
2229
4190
2341
3231
22
3222
2571
1117
2216
4925
3126
2519
3213
909
3176
1114
2749
2594
427
3651
2730
3131
2789
2857
3318
1099
2283
4467
270
4828
750
4909
2542
429
1635
1488
1171
3987
501
4769
1003
3702
3863
997
3775
568
2670
249
2600
1320
4705
4128
1710
4354
1256
2350
2094
2573
3685
2249
3171
158
3503
4683
827
4322
2297
751
2218
785
4236
1064
597
1457
2094
698
4409
2171
1175
2692
3528
2005
4521
2066
4926
2530
509
3414
4810
1618
1516
4164
2446
1042
1733
4418
2081
607
1924
1643
3737
3330
4003
2975
2330
328
1035
3910
4557
40
2488
4194
1525
4620
1495
4579
4789
3497
980
2353
3790
604
3211
3352
1328
1456
2841
2887
1626
1073
4945
4927
716
4475
68
2409
3012
55
4721
3997
1965
1618
3726
1870
4237
2299
367
1040
215
649
1248
3549
1601
13
4653
1756
4114
1793
3376
1563
2747
3638
3405
2852
840
1260
1867
305
2165
4387
294
1191
3077
1058
714
1590
758
4036
1707
2218
1058
1066
2123
2285
4544
536
592
3187
1186
1390
1441
2700
1022
4818
641
3742
3729
2748
1614
240
4232
1112
4770
3795
2852
2237
4888
3788
4918
1774
2003
1451
1763
1782
1051
4425
87
4774
4614
184
1097
4829
