4026
127
3350
3664
4464
2981
1946
3191
3767
1109
4710
1198
2847
3974
2201
522
4852
1453
330
4759
1361
4504
1758
3477
4294
2600
3632
656
2710
1459
2730
212
2689
2867
1707
536
4212
2902
865
3166
351
4302
4050
2373
3434
305
477
2429
2144
2252
2099
2696
4819
3769
278
327
448
4922
4042
4003
1887
1083
1735
924
2247
4842
854
365
2992
23
4350
831
558
3852
3450
3327
3982
2662
4655
2423
2229
1941
3544
2954
2797
4544
4582
4772
4305
4438
2413
27
3721
414
181
2616
3079
1491
4232
3117
4095
4747
429
3447
57
3721
4879
2330
4799
1168
3426
614
476
3420
2157
4548
1586
3212
2805
1498
3876
3813
4876
3305
997
599
1989
4550
2282
2078
816
992
4841
3722
110
4262
3596
1743
2910
531
115
1611
4702
3872
92
3470
3367
2592
1492
4251
1859
1849
1499
2963
1452
4732
4541
3033
4287
1479
219
1546
2144
2650
1494
4258
2279
1927
4175
3110
4726
194
229
4543
4747
4344
2552
757
3027
2788
740
1886
4453
1679
910
1944
775
3684
2322
3709
746
4783
1911
4384
4586
4410
502
3953
4942
3465
817
2049
420
2904
2372
4107
887
2221
471
1603
1658
2814
2780
702
3220
91
4271
4310
1123
2824
3632
4538
1925
3896
1313
1648
2970
423
1337
1608
4630
1518
329
2171
109
2063
1733
3844
4072
3011
2294
2261
1162
2715
2130
1537
2901
4566
4234
1249
4512
444
906
4578
2406
2890
2194
1346
2174
369
3666
723
78
378
4298
4735
3309
3578
1910
1303
1629
444
624
680
266
3042
4475
2497
4066
1972
4299
4029
4316
935
2226
4199
2395
675
1964
3954
4380
1432
2503
3300
4335
550
572
4712
2653
1428
3743
3049
4428
1904
3922
4304
2246
1152
3083
3397
551
4473
3454
1200
2162
2256
1222
440
3384
4122
369
1
3892
1320
878
2262
1281
374
1920
254
267
2193
4712
2441
1752
2710
688
3642
103
1439
3694
3490
3921
1520
4367
1270
4093
4078
539
1640
2183
3938
1500
2358
4427
4790
4230
2878
2855
3516
3549
1650
4741
4983
2393
29
1138
2198
109
2214
2915
1788
1880
641
397
3276
4149
3245
2213
2335
4314
4172
2183
1981
819
4452
192
3028
3575
1246
1535
4125
1089
986
2807
1353
26
2097
726
1116
746
1112
867
4230
1132
4789
2583
2048
549
1004
1707
3035
3723
2468
1687
1959
2086
1482
2368
2903
955
4739
223
3027
1733
2749
4900
3700
1438
3057
3771
1440
4226
4663
3544
1271
1299
4650
886
2685
3280
1526
1618
2420
2193
859
3428
4241
4076
358
3561
414
852
2380
3041
1134
2070
1317
4960
334
2702
3440
811
1283
776
616
4021
4017
3625
2149
2475
3723
2486
2830
3849
998
3596
2852
3929
4178
3880
265
580
1933
3227
3619
2284
862
450
2985
576
2588
1491
2905
4415
3159
4780
782
2751
4081
3593
3306
358
1275
4037
1558
2439
3552
10
4746
3837
579
3328
4932
169
432
430
2518
2078
4188
1333
346
4454
4443
2663
904
3177
31
1925
3409
1522
2846
3934
1241
1995
889
592
2901
4796
1557
552
213
3905
1236
1302
1699
678
4934
3068
968
4476
390
1180
1726
1965
4964
4232
3553
4270
2400
4481
4557
2852
1213
1813
669
92
2110
2858
4922
4929
4806
4548
1336
2319
3598
3560
3133
1081
306
3504
4898
3305
3681
3222
2081
446
4409
934
32
221
4735
1456
853
1895
1346
3526
4
2445
2612
3836
4965
2357
3723
1953
293
1991
328
2046
1592
100
1129
2537
2050
1529
433
1608
4667
3145
1224
991
3381
4726
106
4097
540
2208
2994
4830
2789
3630
770
153
466
3883
4306
3232
3246
130
559
3317
2671
4240
4674
4457
2623
823
1319
3403
992
3668
1972
1144
53
41
2372
497
3011
1665
1005
157
4316
4091
3933
4259
4350
2151
2738
1211
4646
4253
1619
3829
2552
2219
3697
1945
211
1239
956
2401
3223
558
2390
3803
3215
1220
1073
2480
3897
4699
1312
2194
3895
239
722
726
2614
268
4430
596
1271
3243
927
2371
2285
1563
2210
3645
3195
3650
2794
1906
1296
1593
2746
2148
4196
1779
675
3073
2055
2263
657
2917
4675
2831
4699
1229
763
1421
3311
1723
3821
2911
137
1714
4254
1724
2548
3407
344
3916
2599
2971
244
1640
4617
1497
445
4138
2631
3158
230
975
2343
3593
4829
751
138
284
2170
2476
4576
524
2964
550
4571
467
774
1768
724
4854
3381
1760
3279
308
193
1980
4315
4219
4730
2267
2732
2815
866
3440
870
1960
1040
1798
3856
4086
4880
2597
3331
1430
207
2405
4433
4523
3183
942
3263
546
4533
4131
3851
1356
1414
2193
4493
3066
886
1456
2754
4640
357
465
4717
4516
213
3709
569
2784
1005
3222
4164
770
2877
3571
236
1910
2226
518
2911
2349
3243
3948
4307
1885
4257
3953
986
2706
1878
4011
4992
664
2958
4367
987
3920
4645
2657
3953
2368
2288
180
1703
1089
4715
57
1750
593
4533
3693
2777
3725
1418
3269
4578
4915
4938
1972
867
2451
561
1468
943
4920
589
49
246
2471
4846
2649
616
234
2026
4033
2633
1166
993
2873
1368
2378
386
508
79
938
3973
4422
4619
2832
2521
2059
2433
4904
3223
917
4653
1040
2745
2529
3539
2195
1087
4558
4992
3472
2690
3331
2337
397
3222
2233
3916
4124
2358
695
897
3601
4927
3651
3421
373
2562
4711
2681
3261
4339
2473
2559
935
2814
2869
3191
3504
744
3301
3927
2173
2053
2450
4935
1019
731
1873
1402
2759
1664
895
1783
2837
2353
3821
1243
3104
2377
2353
3731
3886
3955
1127
2085
2018
1424
355
197
3773
1037
3978
1053
3944
578
4255
4156
324
710
3325
4073
2227
1328
2022
4597
4265
4050
1050
3467
