1276
3415
709
4982
3888
3253
2871
4697
4131
4818
1392
622
1626
3455
4338
2923
3198
4625
3830
1547
4725
381
3056
2309
3261
3949
4417
2316
3565
603
2121
4702
3664
1715
3287
1020
3684
3006
3996
4798
2059
870
4404
2814
4917
155
4366
2278
4810
4089
2912
3807
2399
4048
3986
1763
1919
2002
2972
1598
1954
1658
631
1176
2391
2290
2388
392
190
3133
3596
2607
3737
422
2849
1865
3939
2847
4155
952
1690
507
4346
1907
2616
655
863
1894
3213
2780
4724
2267
1770
1439
4208
3533
4313
336
290
2504
28
309
3934
567
1476
1736
724
4212
3018
3659
740
3083
3355
4213
3585
2162
1647
2314
3122
2130
3805
1814
121
2405
1499
2464
3170
2318
811
210
735
1761
2403
3867
3817
3226
4108
179
3744
3744
1426
1110
163
4475
1099
2329
2658
408
1213
2396
3392
855
4035
3117
3336
491
3073
3827
1678
1270
4285
360
3725
667
3558
717
3973
1356
2823
3978
2232
2545
2661
4073
586
4999
1213
3816
22
4533
3939
2395
4958
1245
1299
1555
3893
2462
1673
38
1725
1397
1762
688
4926
4089
3518
15
755
4322
2229
2903
2921
2760
4455
62
4487
2258
3394
4333
2434
3043
3081
3054
1798
2916
4354
1663
1678
759
281
1738
942
1970
1438
2792
3020
320
4805
3068
647
4736
114
3536
3637
2293
2876
4634
4603
2882
3860
3726
4343
4678
404
311
1842
2164
3759
417
3556
4847
2290
845
1926
343
1994
3548
4504
3922
1188
3203
3571
4399
2058
243
2310
2823
2289
1087
1257
3558
3013
512
56
2943
729
694
4827
3339
2685
2666
119
4825
4711
2699
127
1620
1245
4504
1568
4399
4829
350
3075
4245
2253
1337
785
4002
1048
2356
4025
3959
2141
2049
1807
1223
3902
108
4315
2490
1618
4989
753
4822
3132
2583
4354
3197
3934
912
1345
884
1506
566
450
2432
1007
1452
4908
2720
1862
1449
1854
3462
337
4865
213
735
2444
3022
737
4809
971
1148
3923
1561
2558
181
4227
250
4693
1163
31
584
3034
3198
918
4001
1901
3224
3994
394
3103
1099
4215
4147
931
1968
2298
226
569
4709
1365
1000
3274
677
4939
4854
2835
2866
2992
70
3235
4520
2972
4837
946
4810
3796
3405
72
2712
2745
3440
2476
2141
2107
4621
992
3012
3307
2058
258
4433
4080
3951
915
2598
1250
3031
2367
41
2438
2700
187
3620
2972
3680
3078
4418
715
3451
3039
4010
1131
360
405
4605
4165
1160
2140
1646
1834
191
3798
1669
730
1960
2356
2127
3829
3154
3474
4443
1816
2089
3271
697
2453
1505
4893
1229
71
4944
3391
2375
3475
3616
1093
1209
2311
1410
3155
183
2684
1607
170
3392
4974
2919
4176
4973
1666
4415
839
3450
3124
4255
4642
163
1262
1036
2116
2992
2713
3634
3995
1903
1565
3069
1302
2689
2591
3982
4884
4157
3747
4151
3069
4464
2200
2339
2064
3396
3423
685
2474
1978
182
4771
4731
4922
1310
1472
4869
2101
2379
2872
1998
3738
70
987
1873
4538
1411
4833
4565
1671
2782
1993
6
2436
968
1215
3129
597
3392
659
4554
3898
2312
4059
760
3892
1095
4471
4703
4490
559
1439
1219
397
4080
3057
869
43
4057
4734
1336
2808
846
4438
4730
2284
2750
1717
2603
4516
3295
4359
3986
902
3030
483
4677
1762
2236
830
1940
2572
2638
2642
829
842
3421
3941
1431
1145
2578
1217
1845
683
1347
4196
4322
1566
948
1097
1435
1477
4119
1945
3930
4755
62
1997
1030
4931
843
2770
4608
2130
4663
1457
1081
4234
2939
1917
1181
3506
1671
1684
281
939
502
1585
3292
2208
3129
3048
1401
4128
3521
4375
4470
3558
1193
2049
4372
3187
29
2011
1396
2751
3369
4843
1690
527
1293
798
4922
3972
2359
3880
3910
402
1653
4599
861
3694
2762
445
2149
1722
3234
2212
2734
887
3872
375
4398
3725
1356
4359
2381
4807
4176
1917
193
1390
1225
4422
1454
2344
2565
3492
1697
1480
2825
4117
2058
246
2784
2676
594
4072
1049
1728
4040
4660
1729
34
4391
4893
1183
3679
1174
1383
1935
4380
2037
3492
3108
3450
3491
886
2953
1230
1116
4285
940
627
214
1897
1828
2822
3464
2537
2620
3556
4658
346
2856
2950
4056
1248
4331
2915
3531
915
1532
1273
1986
4115
4358
1875
4620
2771
2963
3451
4565
2322
338
3445
2191
94
471
4354
3164
2577
614
347
2855
1436
4092
423
3153
3677
3454
3725
1093
3482
1360
4814
3801
3863
790
4983
4576
709
2389
846
541
3815
2021
1327
1848
28
345
2043
4852
3213
3179
626
1304
2679
1424
4445
1798
2216
3345
1327
2903
522
4515
4320
3926
682
3951
1573
2828
964
2750
2875
2061
1487
2840
2276
375
3423
3977
1540
733
4956
162
719
68
3290
3252
1479
983
2351
2913
4413
4929
1537
1276
3688
2541
122
4047
4836
2743
4449
2680
1075
3620
304
1685
1984
4505
353
660
2886
3213
73
2650
1126
1015
249
4639
1561
4215
2123
298
2055
3731
1231
4946
1382
4412
285
1613
2748
4000
621
4711
1854
1771
1446
2181
3294
2253
2133
4308
1964
3942
4904
2651
748
118
1820
2587
966
1436
369
33
350
795
995
2013
1311
2624
3259
2583
3108
1235
1963
996
4628
4500
3490
1614
4745
781
3190
4339
3922
3386
290
4328
613
486
2071
4670
669
4572
2783
4380
2473
2419
2249
2986
1525
105
4644
4427
3372
3993
4067
1615
59
146
4265
3574
4755
2612
539
2369
154
1687
4470
2174
171
3120
1775
4635
706
177
2020
1381
1851
2861
3812
4073
1655
790
378
682
3011
56
1756
833
2110
3953
403
3095
1478
1931
752
1726
4453
3377
2631
698
1283
1113
4643
2014
1480
2102
4263
3240
4655
4223
1041
866
4185
