3620
1602
1144
1593
181
701
664
2339
1434
2902
1457
2027
3547
538
4131
1158
2826
3208
4686
3058
1979
116
859
2019
2646
521
1228
618
4709
1962
2575
1285
4000
769
696
4696
3625
3130
630
285
4009
554
1103
3471
90
2034
4776
1576
3466
1926
2113
2353
649
976
4826
773
1751
2763
2844
4464
1555
2381
4557
754
2961
3975
825
2453
945
3849
3090
4097
3447
1109
1745
4918
3839
3569
672
4319
4907
4207
2096
2474
654
3582
559
2525
882
1316
4251
349
4010
1907
4744
4932
50
4243
2546
3989
3929
1995
1399
1819
2781
723
3984
3096
4859
2909
3830
4396
4388
1376
2361
1313
2502
1216
1654
1338
2028
519
614
3337
436
1032
1300
158
1622
3661
2820
1387
2337
3276
3650
1249
2743
1874
4553
3014
3440
4645
3110
338
4246
481
436
2003
1249
4181
2758
4005
4520
984
2999
2192
889
2483
1913
1634
1610
3751
404
4340
4500
3753
2700
3994
4788
4640
779
1755
1801
4588
151
4115
4445
2051
4832
4697
1946
4846
4508
2925
4237
1087
729
3869
134
1514
258
1328
3206
3166
4323
1623
2445
2621
1907
470
3630
654
962
1139
1485
4478
1630
3574
4440
445
2162
2565
989
639
2067
1346
286
3847
4178
4728
4432
3904
4688
1099
4817
3597
3435
193
2115
577
3873
352
593
4223
1857
3965
411
4253
4296
2629
736
2469
458
243
4713
4664
1578
233
2959
4447
3694
4752
1573
487
1414
4122
3047
272
1977
528
17
684
1465
3553
372
4103
3800
2178
3733
2478
3964
2885
2795
277
243
4752
3548
243
1782
3347
4035
4483
2612
3012
1263
3962
4129
484
2861
4930
2187
2454
4948
3730
4443
349
4168
4618
827
862
4767
1069
1364
65
1580
4874
1841
4194
4983
4038
1449
200
4047
4059
4246
3933
1401
1165
4574
4768
3671
4045
4083
1056
1642
411
71
806
1513
4949
162
920
2520
2998
2036
2911
1417
1767
3417
3078
4367
4239
2991
27
1528
3336
3490
858
3210
2631
3160
4127
182
824
4582
2248
4178
4379
3595
3830
3769
3984
4211
597
4046
129
3666
1244
666
3398
829
3622
3359
1645
34
4084
1088
1986
2447
3015
3136
2475
488
2905
778
3033
2242
3392
134
717
2647
2375
4794
4793
1420
2268
4637
2893
278
4224
3657
1359
4584
3657
3147
1794
4414
1780
3032
2247
4346
2211
508
1464
4996
3728
647
4530
2394
389
1983
2607
2443
1002
1193
3551
3060
1119
3293
1683
4783
4810
4251
543
4674
741
3836
3609
1085
606
2047
4845
4060
3916
4752
856
1866
2598
4795
3157
313
4452
4363
2554
1287
3795
543
2857
2262
973
4104
2341
344
195
4150
2400
3332
1411
3833
1209
3048
1126
3157
2855
4128
3826
1018
2562
3011
2207
3121
1123
32
4575
2254
1326
4690
24
4570
511
2319
2617
1865
495
1521
190
3445
2308
4278
2824
673
3698
918
20
1932
350
2233
2802
3703
1534
326
4292
1128
1221
4323
443
2392
1999
3361
1367
2493
1848
2551
2903
3377
195
4782
4018
187
2370
205
4738
3696
164
4984
4861
3723
848
1574
1826
4795
3409
4285
2330
4000
4982
2629
1452
3357
4325
1020
2316
2850
1781
166
3555
1998
4809
1678
2102
1
3153
2422
303
4850
4792
1327
352
2317
1600
1037
1953
335
1279
224
3686
361
2808
4466
4957
3429
1403
4711
1638
4324
4797
4726
2021
780
3203
582
2228
613
4350
41
46
1864
3116
964
1653
4087
2115
1878
4814
1713
365
3716
1545
1566
1829
3277
3820
2856
4808
4596
2218
3740
443
3378
4758
2256
2958
4862
2669
3565
3750
2973
3883
879
1578
739
2656
3185
2928
3138
3081
4880
2061
3734
2556
549
2982
4753
166
3900
4289
1840
269
2221
3013
2475
4638
4184
2882
4320
3742
3634
2248
2528
332
1459
4714
3910
3931
1690
3951
4015
1780
13
3930
4941
1326
2817
748
2028
2862
2031
4404
3084
4943
4843
362
1388
1783
2917
3890
1662
958
823
1827
165
1002
1400
3149
897
1808
4402
2228
813
3330
4276
4902
4137
373
2758
356
2874
1958
3234
4382
4479
4852
840
2858
1143
3396
1398
3384
2739
3425
628
1017
2244
2440
1836
4365
1353
1139
4131
350
775
2920
4860
4573
2687
2966
3843
2813
116
334
2075
182
2756
2597
1962
2967
186
2020
2116
1371
4475
1051
3566
1634
2573
2498
976
4398
2370
3475
1226
4740
712
4115
3331
2761
2370
1048
2019
249
1411
3808
1456
3265
1095
4389
433
824
1337
4088
2599
3065
1463
3884
877
1710
2083
2096
174
4496
3963
3923
550
1130
4671
2338
1125
79
427
1161
4588
1197
3879
3629
1127
4670
4208
607
3849
2969
4284
1178
1099
3214
2670
4517
1866
2557
4241
2959
1877
3405
1479
4122
3723
3090
910
3620
3568
3193
1412
3045
4367
3625
1177
3906
3806
3635
4293
4719
934
760
940
3272
3491
3057
3080
2546
483
745
4481
1001
3044
4768
658
2976
3560
1902
2013
3757
1605
2403
2009
4746
4053
914
644
1670
191
2586
4302
3275
2715
2735
3156
2411
4397
4843
4349
3193
1137
2559
4199
1144
4889
2061
3356
2599
4784
4625
3961
1053
601
2139
3849
2514
4544
2147
1367
4120
3568
1851
2940
883
379
1970
888
2873
3596
309
1351
3367
3358
3920
2851
1096
395
2684
2163
4436
3859
54
3624
3780
539
1212
1497
1423
1768
1003
3727
2567
2218
3347
4425
4130
1206
4076
4274
4494
1382
784
3235
2159
4535
576
3834
1606
3901
1580
1004
4325
1790
1984
1711
2191
2688
890
3907
48
4082
4921
1522
4106
4037
4408
1162
3358
706
2988
1419
4828
1838
3874
72
2303
1398
4540
1217
129
4730
2163
1312
4031
133
2008
4638
3568
512
2585
2387
3883
312
2943
453
1651
3155
4270
334
305
