653
997
4199
3151
4164
1392
3011
2553
1835
3089
638
1443
3948
270
1058
1177
3155
533
3018
4937
4850
1908
4212
4180
4515
355
351
4861
3253
3507
3256
4644
168
2716
4362
3607
4967
2874
162
554
3387
3756
2481
1427
3427
1440
497
3678
4540
3679
3248
4876
3682
1018
843
282
2512
1027
3506
3078
4087
3101
2927
1784
4252
4025
2782
2351
4140
1685
3370
1182
363
4994
4943
2855
3318
2411
2339
781
1986
886
1861
1760
1858
4051
1676
2858
3143
4903
2982
522
4549
4661
3802
430
1036
48
4087
221
3014
3104
2362
3672
4315
1552
2313
709
3953
4832
2657
3767
85
2483
1761
4105
4718
3099
418
2524
2528
2572
2242
4134
744
1736
652
5
1014
3485
4135
1664
710
1626
2415
1519
4937
2875
3412
2592
2243
481
2268
401
4564
2141
3766
313
571
2770
898
1737
1496
431
4285
4226
542
2173
248
1635
2736
174
3968
1364
4478
3182
3945
3651
4348
3084
4202
4133
2040
4312
408
1335
168
2824
4892
2379
4979
1367
4755
387
1911
3899
2933
2894
1588
1331
4865
4062
4623
3555
4732
3968
1888
1213
556
991
985
3039
3511
1394
4042
2544
2257
4130
2703
3105
4059
799
4921
823
4576
1980
80
1084
879
1784
1549
816
2160
3083
3720
1599
2432
4044
3860
778
1477
2922
2577
3125
1059
4220
1259
467
4867
2619
3109
105
897
3446
89
3910
1039
1362
2312
2887
1215
381
1557
266
2186
1977
1651
4558
1789
565
1971
2484
4577
720
2974
1231
1678
2990
2914
3210
3833
1268
1757
1145
1504
950
1504
4894
1407
4600
832
47
1381
630
3353
1178
1267
4111
633
2169
714
527
2257
4177
3169
1810
606
1901
4233
3858
4669
4077
1940
2800
3063
17
606
1113
2481
4291
3767
4759
3921
4006
4630
4384
352
1254
2857
3500
1525
1888
433
4650
3282
4171
1174
4762
4097
4079
3435
4131
778
3897
4634
4628
2235
1730
241
599
3111
3066
1918
1626
2574
116
1301
2081
1582
3762
1335
4592
3963
4676
1486
1310
4178
1770
1473
197
2679
1640
1633
3018
4425
1762
390
617
4822
1422
261
2321
2259
4641
561
2738
3631
2899
4357
2889
3130
1925
566
4213
3343
635
973
3613
57
2597
1247
4572
826
905
4103
2425
2781
1974
2247
4056
3270
2565
4243
4268
4442
2500
457
1423
3995
800
2849
3430
1676
1031
96
900
1530
251
2417
3561
1724
58
4995
1126
2788
4471
2663
3241
2411
1838
3362
1532
1150
1769
4815
2092
70
73
2450
1962
859
3707
2715
2153
4166
836
1979
4955
991
3309
3340
4156
3323
1251
1655
1432
4726
3169
3306
1164
949
4446
2055
3545
2050
4936
1232
2996
4342
4755
2566
4678
2102
4183
4200
816
3713
1807
2064
532
2264
2952
2881
4812
2781
4642
2289
1418
2380
4307
125
888
4585
1007
1056
2314
2883
764
1156
1534
3946
1722
2876
3706
4457
4770
3917
1549
4487
659
334
2833
2160
3351
4112
3072
3464
85
1963
2965
3124
3913
4557
2703
3112
1710
1530
3032
2602
2627
3878
2694
3510
1044
777
1745
4767
3081
4561
443
671
2263
1474
3410
4137
1189
1774
3656
2585
2178
1744
446
3736
2408
2192
4232
505
2750
3429
4510
4994
1328
2493
1991
48
747
203
3189
1211
1042
742
398
1184
307
2148
1918
4511
138
406
279
843
520
4674
122
4786
2973
3509
1089
3879
714
2813
125
1539
2445
1493
3375
1097
2592
777
2804
3525
2223
487
634
1104
524
1881
4383
2122
2688
2344
743
1985
4239
468
1856
529
471
615
3338
1905
3577
1956
3222
1094
545
3151
4206
1246
4239
547
3032
3134
677
4052
836
4892
225
4202
2273
4708
2009
2738
120
1875
2148
2007
2247
2393
3554
1798
487
2634
813
3525
47
45
4525
3729
169
1742
2694
924
3879
4293
4796
2465
2245
2852
475
370
4055
468
2749
1440
4955
3450
2239
1812
3155
2977
562
1934
2112
4754
3122
270
3742
4235
11
4105
1244
4460
4927
2724
2627
3613
2744
105
3998
2471
868
4182
115
2127
2264
3277
2793
2550
2953
3212
649
1487
198
3956
3300
625
4825
4818
1920
4783
3687
3190
1248
2658
2881
3475
2150
4900
2179
4142
4282
1646
3563
3115
403
4657
2611
394
1588
3260
1076
4317
2585
507
4581
4463
3089
3079
2639
1864
3716
1404
225
3828
1582
3553
3430
1469
1189
4209
3547
1516
1554
3206
4846
1081
520
409
912
612
4944
2336
425
4366
4574
721
3861
4724
4445
1869
201
729
2226
1846
1831
4039
2252
3822
1954
2857
2118
2094
4405
3535
4711
485
4304
569
235
2857
3211
3868
762
688
825
3854
2355
1390
631
2197
2505
2642
2413
409
794
4900
2242
1044
298
1956
2520
708
1270
1339
3990
4928
4607
1750
2187
1101
1967
1761
140
1341
2059
2675
2383
194
2269
2595
4348
2986
3782
2787
3273
1734
1244
4876
2579
3767
1584
490
81
1659
62
619
1975
2353
2287
4818
2842
1349
2315
2998
3763
4739
3648
3593
2024
1930
1249
3064
2474
3283
4708
2494
2270
461
3479
4517
1852
356
2926
121
2549
945
2356
1639
4589
2427
1114
2029
406
4999
4285
3870
1407
1049
4485
1840
667
2328
4951
2985
3528
1411
1293
3313
3735
3307
4470
1501
2572
1475
2018
699
4837
792
3034
824
3317
2519
3157
4604
1451
2270
2903
4966
3780
4544
4628
1401
621
3360
2222
1778
1531
4184
4557
417
4972
3590
1134
2315
2735
608
3016
4159
4161
3439
4344
3699
469
4974
3938
4798
884
302
4184
146
2483
962
3502
1505
4047
4181
1944
2227
1923
2783
991
2707
3839
294
1947
2856
4103
851
3489
4059
519
1599
3974
1420
4607
2502
3626
2532
2291
2511
408
3958
1217
4163
898
4962
687
872
23
