4821
844
940
4450
470
1400
3490
4329
3249
425
4720
2461
4473
4194
2053
4629
4586
2046
3722
4960
2154
532
1099
1000
4605
2626
4729
4862
4380
4214
3602
1027
3808
1204
1633
2053
490
420
120
1541
430
2007
3220
3286
4721
260
3188
4103
3892
3273
2029
4413
1891
1472
2836
3027
2470
1303
3237
3794
89
1356
3880
4478
3002
582
4785
250
2858
1492
24
2003
4299
4591
4123
2712
1705
1590
4608
3307
788
2745
2366
3353
1702
1877
3947
72
712
235
475
3759
4363
846
3625
220
3201
1057
4446
1038
1699
1503
812
460
3509
4243
926
3323
1983
1896
3571
2045
906
2374
1223
3916
1378
2343
4155
2539
2943
1740
3636
3000
4651
1164
4683
1879
3786
4062
4249
4916
4614
4631
1331
3673
541
2794
3076
2239
335
1254
1061
38
3975
2176
1929
727
4057
1354
2769
3233
844
3838
3248
1300
0
935
1124
3961
1695
2137
3140
2658
4594
4012
2602
4452
1109
3398
4712
4304
310
2056
4709
1786
680
4856
3953
3682
1051
3146
1909
1111
1593
1446
641
2339
983
2260
4251
3116
1938
4709
776
4688
4320
3241
4423
3088
2037
524
2782
4699
1139
3914
4715
1920
256
3697
4642
898
127
2191
129
3131
4468
3569
3607
1079
2757
10
1715
4396
843
2237
2981
697
4158
4279
1628
1527
427
4544
844
1375
2439
906
4362
401
1759
4482
2932
1040
1199
4047
4206
2025
2301
873
595
1508
2246
4578
2181
4725
150
3953
3183
3225
4530
3660
1262
749
3886
238
4417
4109
1428
1749
298
4188
1089
2586
3998
2037
3575
180
2546
4100
4437
2056
3898
2175
2481
4246
4407
1718
136
3763
4101
4706
1210
2023
1761
3985
4072
2433
4743
2031
2843
2370
2516
4429
2939
4758
4366
2104
4960
4691
1562
4637
1189
4490
578
1108
4759
3934
57
2607
320
943
3271
2092
4490
1215
2384
1156
2238
4269
3060
1331
3461
4164
2415
4409
1666
4829
4487
59
2439
1378
3069
3286
3174
1312
281
1476
3433
4739
1724
3834
1411
1953
1872
2799
3171
352
604
4556
1408
429
4157
1154
686
4190
1627
4505
3804
3506
789
1941
189
2701
2735
3971
2785
4113
4876
2639
4398
2
878
3775
534
573
813
807
4009
1046
2251
3208
1761
3233
3212
56
1137
3337
1161
3194
2467
4823
4999
806
2060
3872
1919
4148
166
2976
2062
2111
1127
442
4750
3964
3609
3095
1213
101
778
2905
615
894
1644
4295
1671
1686
2725
4886
948
1513
3312
505
4009
266
4389
496
4581
431
1539
4236
4829
1249
270
4407
3940
1789
2565
2571
2961
572
3183
2523
3154
1135
790
387
1979
2401
116
2585
1051
1280
3876
7
818
292
3541
2266
562
4374
2851
4220
930
972
3899
311
980
4831
4213
1331
3628
4527
2796
1144
3448
797
3812
1493
4489
1676
3322
3810
2804
4166
3359
3655
4045
3158
1847
3825
2131
2071
767
3382
1229
4863
1428
566
4378
3562
3666
4349
2460
1502
1260
574
1726
1344
3283
4185
2560
3790
3547
3870
907
3610
1353
4998
1026
3361
142
1091
2811
1521
3752
4486
4849
645
112
4590
3205
3759
4494
3628
4516
222
1640
180
689
4314
216
4748
1427
3890
1330
1166
331
1013
766
1331
4964
523
868
1744
3403
2746
1523
30
3849
2667
3692
545
2420
2971
1159
989
3867
2068
212
1244
4001
1309
3054
1916
1612
1318
2356
2794
4970
2485
4618
4449
1690
4428
3009
3640
4071
3492
1554
298
3355
788
1451
4045
4055
694
1055
1096
3262
4918
279
3072
4530
1281
941
1026
465
136
592
1065
2468
3518
4953
487
2025
2141
3019
916
1326
2141
4920
2189
2050
945
2397
3051
3742
286
4725
37
3280
4567
885
4839
2396
1009
2587
3136
3685
587
2471
877
635
4696
210
3309
1848
4011
3016
1647
1239
191
4026
2677
1837
1738
3117
3527
3362
3553
2273
3823
923
1949
2552
1859
667
3020
909
721
1030
2949
3081
787
1923
1137
2643
3754
3379
763
4148
2328
1809
1702
540
3827
4536
4434
4090
400
2600
2551
653
4687
804
4464
2363
3989
242
611
4650
1476
622
535
2621
3263
2512
421
4407
4261
3220
567
2574
4217
4000
4723
4997
4579
515
343
4624
3160
2278
1627
1307
3301
2032
3264
4079
2154
952
399
2499
1706
2624
903
2035
1925
3088
4465
2431
2821
302
3813
4855
2714
4115
1608
610
50
3665
1560
1627
4926
1748
2394
1141
1620
1989
2065
264
64
1338
3871
1897
2760
2129
1289
4207
2677
4005
535
2322
1908
555
1818
2064
737
1154
2206
1019
2973
2387
944
1557
2877
1405
3307
2197
534
2970
3284
3736
3010
3900
2816
2778
198
1097
3753
3140
2094
2815
991
881
580
4271
717
4364
2366
4936
3433
2782
4840
4951
2849
3210
1995
2649
1818
995
476
898
4687
680
2370
680
698
3597
1718
2500
3992
380
729
3623
342
4351
2139
2454
4943
2098
607
1229
3125
2004
4370
4910
3357
2742
3592
293
4447
1365
1417
3311
318
1669
1007
2223
1132
1072
4350
503
157
1580
2866
2808
3681
778
97
3984
3243
2521
681
4018
223
3125
4877
3615
2124
2288
1415
2251
2960
3851
1295
1059
332
4759
1975
3404
4085
1065
4391
4462
4137
3636
3946
2246
3322
2356
3918
3608
2105
3682
1237
956
288
174
378
1587
3908
2119
2339
2596
3100
3178
1283
2051
641
1399
269
4254
4267
3114
1435
2193
19
3886
1377
3275
1811
2519
3740
2191
4558
1475
2505
4395
1248
4544
1279
1265
4359
1625
1288
446
565
1986
2156
436
4757
1945
954
3646
2838
4350
3243
4210
4853
3277
2148
513
1473
3896
3941
2558
4676
4216
4122
4000
1510
1291
2982
4665
4769
4947
2603
3076
3280
4548
526
516
3202
1960
789
3817
3221
