3313
1543
2388
4289
964
2156
4725
3766
1896
344
3830
4864
3011
4391
1177
3135
1713
560
1651
2554
1974
3599
3012
4783
3982
2164
4586
1958
1397
3019
969
1134
2070
2802
3427
444
1444
4655
1129
3957
2476
3559
1076
562
2211
99
4945
2858
2814
2279
4222
3990
3032
1200
72
3311
3906
1714
2788
191
3824
2782
327
797
2080
2616
3155
1443
2948
1140
2794
4218
708
4457
2101
2384
1678
3236
2709
3292
4778
2562
4178
1772
2187
4688
1461
394
1049
25
3591
2251
1355
4071
791
4916
2003
628
2409
406
4354
3647
715
1375
2699
4752
2243
296
4383
1957
1692
4930
1895
4978
1304
3736
2454
4671
446
2922
631
474
4289
3778
280
1903
721
3071
391
3757
2978
1952
2686
346
999
3521
4825
1627
2584
1938
4772
984
540
2789
2450
4817
691
2031
206
2847
1484
3952
3306
4248
201
820
620
2060
566
3084
3004
1723
4260
3745
2907
3283
4034
276
2255
2499
2845
1145
2004
4117
1214
1352
3432
4096
3477
2120
1653
4401
2672
4736
1879
2607
2136
4300
4714
832
4905
3708
3902
2450
1496
2027
3129
2574
2952
3033
4306
2811
462
919
4463
4795
4586
426
3772
195
4453
4932
4434
4243
572
2320
2523
4390
3997
3955
4811
2598
161
1346
368
1882
4771
4064
2867
3390
2097
1358
1130
4112
4194
1096
2604
4752
4504
1278
1457
3484
4929
4553
4629
304
1852
4258
3725
1436
1571
4130
4871
1760
4687
2493
4192
3049
3394
4200
1264
4979
3578
853
1250
2428
4602
2166
4551
3862
2676
1094
1225
3234
4267
3548
4902
2099
2838
3769
497
348
2438
1230
4371
4960
3689
657
1818
1478
729
1086
1522
2230
568
374
1270
3032
4739
1788
3735
429
3536
4507
2124
3544
762
1585
4325
2976
1623
2182
363
3304
4287
1265
2645
4117
2071
825
2891
392
2602
2057
2357
772
2696
4441
229
1886
180
3344
3993
3711
3582
758
2959
3496
3850
2712
2028
2485
738
3985
897
280
4982
2164
2665
1471
4296
2485
2068
2212
3428
1798
3989
747
2070
3311
3856
1385
2255
1954
4040
2744
1754
3703
2668
3353
116
2551
2600
2498
4009
4788
1728
3000
3156
1663
1613
2370
2189
4767
4006
1680
649
4038
1332
1120
3050
3431
1334
832
4910
4037
2447
1710
2479
514
1202
2848
504
145
1260
898
3861
4491
2150
275
3079
1550
288
368
3976
1876
912
2914
3289
3574
3918
4350
2112
1057
1593
2319
2976
726
1738
2536
2321
3550
655
4868
2513
4528
3933
558
4050
1492
1554
742
4200
1342
485
2114
221
2582
2784
3747
3446
4368
3139
4629
3171
4432
3161
2075
815
1858
4547
3772
2844
4926
4431
926
4853
1079
433
1481
3478
1565
3346
540
4173
1741
1118
4177
4092
4233
1020
3002
868
2457
396
4818
1933
2329
673
3611
2808
2419
3389
1374
2303
2558
3721
2486
4619
2981
2184
264
965
2448
2625
1575
1183
1772
3649
4207
4423
863
1671
90
2063
1527
2319
112
4943
2452
4871
3732
2934
1589
2043
2384
2703
4946
2780
1756
860
2574
3392
4802
2406
505
1937
1632
549
1110
3110
2345
1361
3724
2665
1731
1796
3581
2937
2250
2811
1125
703
1126
1205
3936
524
3100
4652
4870
3894
1207
1557
4586
498
1170
3634
2133
1066
3968
3250
3438
2820
1558
2775
3880
4028
4713
3141
171
3318
4426
410
2280
3389
3100
3646
337
1029
2466
4026
4271
1448
4605
2431
1304
2067
3312
4464
237
4094
2959
555
578
2288
4551
2837
585
4146
3263
646
2895
4141
4198
3514
4241
2898
833
4462
3889
3991
318
4054
2735
954
3499
1093
4063
1040
1360
2553
4312
1744
1450
358
4068
2747
670
3162
3841
4613
3937
4202
1097
834
4974
2226
686
1161
2041
253
1556
4269
427
2801
3353
826
2121
2758
3261
453
3411
1378
542
3519
3987
814
1624
2528
4938
3943
3494
1524
4317
4243
256
4660
892
3232
2075
1122
3931
923
4639
3208
1528
2448
4121
876
4353
1649
626
1468
4074
190
2538
4717
1692
2033
555
3125
3357
2327
2157
2920
36
2825
3917
2199
3418
1716
3890
1367
3908
161
3994
1612
4340
123
18
4081
1251
3923
2719
1995
887
337
508
2091
3150
4496
1436
2576
1631
864
125
1452
3136
1984
2782
949
3464
983
2787
1895
1774
2928
3389
2688
250
3186
4175
3122
4361
3767
240
883
288
4730
3973
3626
2447
3479
4405
2235
937
2771
1066
4889
855
2133
661
3526
750
1787
3732
1490
4701
1041
458
1253
2871
1744
2072
2919
4352
588
104
4205
3389
4063
140
4595
1710
852
4510
4377
2186
2236
2978
4123
329
1845
1908
667
1778
2497
281
4246
1760
1930
512
3376
3005
4879
2977
1523
2831
1808
1621
1288
4899
4860
603
2091
2453
4548
3933
1557
2796
4227
3664
2385
1651
3624
3079
4437
2438
403
4929
2260
103
2433
1074
3877
196
656
2335
368
2307
1276
3696
2942
1224
561
523
1194
2881
349
1372
392
472
1190
1930
4625
4728
4211
4093
3021
3577
3414
4979
2007
4795
1626
2527
901
3394
4326
3714
4124
3053
4875
3079
1893
4114
391
730
1686
3645
1937
1130
4162
1652
576
1955
24
274
739
1512
2637
1760
2092
2911
4537
4516
2761
1259
3564
4939
4357
75
413
3958
3731
445
1123
1595
639
3332
4352
2160
2890
1993
2051
4412
2373
3633
2860
3090
4188
725
1671
728
2268
1658
1019
1716
2339
1904
4999
3156
4549
2108
3286
4846
2250
2477
4823
4876
3936
4252
4333
502
1818
1686
1425
2466
4344
4320
2145
4422
3193
2119
1206
1195
205
787
4597
2843
4066
3408
836
4789
4616
559
3021
3886
3994
2054
2326
4522
4187
3798
2735
4221
2334
995
818
4165
1480
3383
1686
2381
670
919
588
225
1291
2808
