429
1737
3946
4894
3412
4858
1232
4100
1401
915
145
3610
223
3719
2709
2760
2052
1382
2348
2951
2867
593
4045
89
2977
2676
1743
1696
590
4941
435
2164
616
974
3162
4422
4652
4933
2544
3391
932
2772
516
2577
1084
4964
3115
337
3499
481
446
3042
4697
3358
4715
2014
4089
2111
1099
1434
871
3738
1613
2272
3281
1739
3081
3699
1700
2242
3526
4454
2577
1537
575
3055
3589
1256
3929
2605
4866
2787
1262
4214
3280
4185
3343
156
139
2648
1556
2847
3362
3245
2226
1527
4450
1400
75
3363
3475
3136
1559
3178
3440
4851
4322
4714
1426
2874
3342
4411
3164
2328
1139
1771
2993
3708
622
4611
2628
3203
228
3210
3862
334
4156
3321
2753
3625
2769
1746
1777
2188
794
2327
4625
3379
2281
3933
480
2997
1595
1572
2110
1099
2309
294
3260
620
1951
4838
3328
1506
3897
2695
1040
4848
119
1388
2718
3032
4242
1759
2249
482
2958
2163
4089
275
219
3240
2138
2526
3327
596
2775
1204
3312
1697
4685
735
2060
4153
1764
1422
4166
1751
1399
1250
1004
2635
3417
4648
2850
4347
3745
3710
4125
531
2938
4168
4438
3612
250
1159
4538
4636
174
3232
348
1141
4130
2513
11
3704
3493
265
4632
2228
1694
667
4105
2077
2811
3099
1045
640
1309
4315
4646
4931
3009
1684
1153
592
567
3937
2584
1006
1555
2067
1655
4356
1416
4454
2486
1633
652
4249
1018
3548
1215
1421
4751
3141
1993
2848
3837
2727
1993
4294
3216
4202
4134
1154
613
4108
1
863
4251
4346
3862
1119
4299
2188
200
2106
1355
2168
751
4778
3940
1676
1106
1003
4568
1489
3023
1715
1878
2626
4247
4337
835
164
3812
1767
342
1089
3532
2634
1717
3304
2936
2630
2537
2181
2611
581
4134
4848
3957
1279
1163
1242
1535
3366
4891
1593
1107
4161
1032
361
2211
2688
1866
3822
2634
2512
3946
490
581
1771
114
4897
3000
1837
2483
4091
3830
3679
3836
4204
546
65
2077
4750
2952
967
2766
4992
3206
3251
3346
257
2977
1326
3405
4146
4671
2242
4059
3994
3478
2232
840
2648
3446
1970
3815
4559
4547
1372
3571
4217
4015
3989
863
3381
3870
2752
3840
4128
1277
379
1506
2479
1812
4669
2787
1313
4667
969
1938
3977
1507
3811
2556
744
3891
2506
1189
159
2689
2661
166
3485
602
3610
2045
3987
962
549
3530
3692
1733
499
688
4026
384
2401
4677
2818
2416
2624
3977
1020
3764
1065
1074
3561
2278
166
3624
1661
4017
4231
1958
351
3711
4716
763
1020
3782
806
2612
2897
3623
840
4056
2126
3366
1900
1495
4344
3893
1384
4754
3817
2196
3095
978
1462
518
974
4064
4412
4485
2014
2572
924
1977
2778
2026
3151
4197
1896
111
2055
2332
3218
2476
861
2540
367
2433
3902
1610
2423
3119
4668
3947
4208
748
2283
2795
2360
52
630
604
3791
835
3640
756
2997
3001
1510
867
1657
677
3319
274
2825
1655
3272
2927
3394
4613
2234
2870
842
2212
4312
3501
4908
3961
1669
3595
3510
4595
4682
266
4008
3796
399
1736
4691
3517
4381
378
4325
2554
2960
3230
1623
4964
524
850
2298
1723
1309
859
2753
451
2693
3395
2949
3143
4790
4181
4002
2560
3857
4566
1490
3515
712
4359
267
3924
4941
3285
1931
1030
2332
985
2552
643
4151
367
4149
777
149
1769
3678
3883
266
449
1694
2880
1033
4841
4142
915
3296
4352
125
3119
4177
2364
2889
898
4260
2169
2707
3122
4283
1120
4396
3195
1017
1364
4488
271
4539
3223
4127
4493
3495
1307
3374
2576
2285
4881
2962
906
2041
722
4716
3392
3819
1599
1404
1903
1820
4289
1072
4965
194
2892
2259
720
3006
2147
2854
4640
4750
4205
2780
657
3473
2951
3620
1378
3423
2470
2137
3662
3362
4170
3333
746
1940
4591
2065
449
621
1640
131
3131
2892
2484
4350
1035
1665
4015
4333
2196
1749
3435
3076
1864
498
3032
1084
3047
1378
1216
3658
4680
2055
1804
2880
4553
3121
4783
4190
594
472
294
2335
4043
3020
4380
2581
4256
12
3066
4973
3427
2239
4636
1127
1407
1220
1050
1862
1205
893
112
846
288
1852
2877
1565
4198
1454
3818
3515
2789
2169
2056
802
2349
3003
4407
576
248
1387
1647
1415
2270
937
4540
3620
867
4105
240
2732
3081
4238
4153
2933
4860
3898
4273
905
911
2623
582
4172
4357
1904
1768
1534
3974
2718
2694
3404
1644
4280
1091
2905
1663
3614
4303
3523
3933
1953
557
4255
474
493
83
813
4037
1819
1206
1246
4548
1542
733
3056
3451
1516
700
3051
4337
382
292
1466
25
87
4679
1357
4929
4119
544
2869
288
872
3470
1433
3100
3838
4420
4014
4203
280
1069
2816
3151
4050
1376
992
57
780
4996
3835
4852
3242
1179
3902
999
1106
2492
484
2523
4065
3343
2917
2354
4058
1099
4477
2910
912
291
3108
2735
2135
1132
193
1933
989
738
1998
765
3186
3918
1473
3469
2841
2603
3489
3385
2312
4202
4209
1456
4051
1201
4973
3540
3492
3898
1928
3538
1324
3703
3266
558
426
1666
4627
1081
90
1443
3755
2492
1535
89
3126
4841
973
280
3080
4591
2223
4610
1872
3690
4172
1556
1074
1381
1945
4719
2753
1225
660
3114
2333
3337
3034
4133
1746
905
3099
3246
2246
1032
2437
4134
477
793
3253
4298
2368
4384
2409
3882
4478
1078
3247
4680
3865
1127
4037
2072
2934
4985
995
513
1663
408
1970
1626
732
1105
3576
2286
3939
3613
299
3279
3735
2866
3484
3357
4357
2654
1594
1681
3493
4339
3117
4838
2898
2196
82
312
2359
4486
3692
4880
3388
3052
686
2402
4908
1037
4912
2942
891
4155
4547
1580
4404
3098
4274
2814
4594
2843
408
1427
3141
3205
1857
