1911
4664
3501
3149
2300
2610
2249
2268
810
485
24
3403
3101
2670
441
2760
474
2706
4527
818
140
2929
1929
267
4034
4948
2106
3030
4627
4415
2080
4365
1167
1833
3618
1656
2638
4676
2014
3213
2691
1227
749
556
1051
205
2992
425
66
540
1541
4319
2661
3421
1645
1386
2592
2920
1351
4639
1507
1039
4882
456
334
914
2350
2002
37
4795
235
2110
4644
2573
4396
658
3046
4932
4999
3789
2365
2656
727
3543
2700
2966
1570
3400
3536
991
1381
2576
3740
617
2630
2967
3620
639
2289
1626
650
1329
4560
3306
1909
2219
2665
931
2365
4742
4558
4162
4623
4584
125
1071
787
2726
741
2688
455
4711
2521
688
1246
1573
2900
2008
4234
1947
3382
206
1060
3364
4063
2166
2861
2322
222
1336
713
755
1565
335
2342
4293
2123
2663
3597
4497
3553
984
1434
101
453
1358
1865
1899
983
571
1545
2843
483
3603
3408
2918
18
3039
2617
4957
2480
1843
3766
1730
2133
372
2129
1461
4842
1967
923
4995
3107
132
365
845
3574
2029
2815
2050
3913
4351
2477
2171
735
3209
1259
2637
1188
2952
2488
1424
3291
1664
1358
21
3332
3780
2116
3788
2745
3152
2367
3166
3623
2094
1340
2470
1294
1729
4260
1902
4797
12
1809
67
1325
723
4545
3165
476
281
4393
1518
2381
484
73
4709
3133
4199
4981
585
2360
4286
359
446
369
2080
3030
4243
4669
1961
2277
3185
4392
3551
1874
3186
1054
635
3187
4569
1422
634
1778
2804
721
598
3916
2888
1002
4582
783
455
2604
2146
1124
3126
2430
1267
1882
227
543
3769
2738
650
3509
4021
2755
547
4442
612
2049
1372
2685
2139
4685
4342
3601
3001
2003
4272
3864
1681
773
4843
3485
2501
2743
3677
4473
3365
471
3447
434
3075
2027
1255
3069
642
640
2490
2044
4521
4108
697
3972
107
1043
521
701
2395
4382
1695
1063
1261
1696
1360
731
3528
1585
3862
2595
4013
536
4130
4130
1227
398
2346
529
1349
879
4603
1747
3091
3526
2924
4764
1205
1323
3741
1740
3469
1132
3558
3500
4996
3839
1383
2837
3951
1322
2386
4964
3625
1634
158
3874
2029
107
552
230
3719
1556
2730
4780
3064
1806
2508
4754
3676
422
4496
4532
3567
3299
99
4093
2753
3077
2331
1767
4244
926
328
1024
3809
4455
2671
1816
1196
3527
4563
3564
2171
2852
3986
162
3390
1027
2682
1239
3204
3450
890
1390
1151
4843
4375
4177
3067
3701
4345
2202
4903
2786
1516
2925
1221
1613
1190
985
3224
746
495
2548
154
2355
73
3821
4158
1028
449
4611
352
1000
3322
895
1325
2219
3285
3916
2996
827
4481
4324
3020
2390
2245
2000
2745
84
3155
1846
2315
4771
188
2109
3921
3879
4295
1911
3644
3956
3616
1172
4917
2073
3677
2869
357
3182
3250
1076
2156
1993
2421
943
3997
3714
3938
2601
3380
1830
4235
865
1528
3061
1504
4060
4798
2576
4660
4697
1676
3187
4418
4161
595
1838
962
4395
4313
3537
1936
940
3817
1137
3216
2181
2862
31
2085
2189
4534
75
3301
3619
2328
1959
1497
288
2050
1374
2078
2699
4943
4800
4110
1877
3625
1424
4229
313
2057
4642
735
1044
4628
2067
1736
2237
3504
4095
1335
4265
1173
574
1746
3564
371
123
702
4639
3203
3793
3166
4735
4564
3502
2055
3768
1733
111
2431
3113
1249
2007
4931
523
63
1327
391
9
2213
2910
1390
4256
165
4212
3970
86
1631
378
1312
368
3083
2810
3876
1244
1155
153
4051
305
1591
3092
2757
4558
4534
1827
3133
691
2845
1002
3299
3046
2641
128
1566
1011
4307
3192
2169
2236
3503
4443
2239
4455
2367
71
3249
4038
187
412
2277
4759
3227
656
995
2530
3893
106
69
2904
3124
2919
509
4538
3561
1762
1459
3847
4401
1184
3786
2722
1123
3033
2244
2449
3220
4657
3687
2481
2459
3995
1855
3695
4156
3081
3339
4594
1408
2159
166
4943
3791
2110
3150
2746
509
1989
2000
1725
3403
829
4634
2873
2343
1207
1131
1300
3269
4790
966
3867
3470
1722
1687
2968
4755
1986
3197
422
3446
1958
361
3240
2730
2668
3229
423
2664
3549
1125
636
300
4651
1327
540
1362
346
4600
77
3794
1988
3832
3230
2648
932
402
1341
3891
967
409
3632
4134
2010
3532
1521
4561
4722
3971
4119
1008
2201
2644
3363
4970
1316
2397
4243
1108
4497
2376
4135
2454
3092
2854
755
3141
1718
2383
1555
757
284
4659
182
2463
1436
3925
3801
2163
1157
2863
2983
528
3080
2475
4875
4661
2384
3217
4512
4436
1456
285
4973
4788
1524
4197
1602
648
2031
4639
1449
1989
3744
1203
299
2328
4345
2916
3158
2830
1282
2404
3310
425
218
863
763
4385
1239
1485
3849
276
4744
832
3181
1331
2956
1959
3620
2065
4820
374
958
2320
1230
4616
1463
215
4106
2867
285
69
4479
4083
2409
4488
4072
4690
1653
2144
3161
403
1104
3659
4271
499
4347
3457
751
3777
312
3127
4827
4007
1958
1295
125
4205
1902
2096
4196
3832
1229
1639
2552
4778
1378
1201
2557
3055
3486
3121
800
157
105
3893
3775
2665
919
4183
2631
1976
1889
2269
2499
1026
4224
226
4129
3081
3144
1035
2146
4512
1569
4684
4225
4751
2155
3057
1281
1358
564
1705
1252
2843
807
3433
4061
3739
2813
3147
313
2627
539
1633
482
2027
1298
2397
3127
1981
427
1489
806
793
2329
2411
1279
565
4914
146
3255
1880
1057
2365
3232
806
3056
1352
3607
3085
3273
2733
1400
727
3940
3118
3278
4084
1182
4310
2196
4695
350
3044
1486
64
949
2474
283
4326
3832
3784
2482
4667
2639
1511
2609
4664
3084
4789
2284
90
1957
3111
1940
850
2366
3499
4986
905
2271
1625
