3116
853
1629
669
3346
3964
3969
4393
800
28
2025
1883
1088
4051
757
1215
1284
4729
2520
2865
2411
1607
3242
4291
907
3081
3329
667
4951
2782
2463
1909
202
4682
2149
2524
1865
4556
4106
1284
1002
2698
817
177
1695
808
2042
95
1401
28
177
4192
862
2635
2622
1980
4337
1342
2242
4971
698
3380
30
3352
17
1388
4117
4926
1636
4165
903
1067
1496
3983
3450
2013
979
2393
3367
3748
4860
409
1723
2574
1039
3222
645
2695
3265
3816
4526
3841
3987
634
874
2903
2858
3056
283
3639
3139
4091
1384
1009
1420
3549
1647
1594
1962
1580
3323
1601
2726
2979
4145
4728
99
3559
2471
3687
2659
170
2307
3861
3423
3100
4736
4591
523
4831
1992
4670
2039
4465
1505
4794
1389
1817
3354
1373
1427
3352
4179
4574
3330
889
2673
4148
2027
2048
2500
16
3779
525
900
4223
739
4849
692
4957
803
954
1931
3356
4162
2279
2676
3185
2931
3107
1854
3016
1051
4012
2743
3853
1855
2940
1971
626
2467
1263
2636
3972
4095
3711
546
1624
3829
59
1692
902
10
2180
3957
362
1751
4448
4267
2215
3352
4640
481
4302
3280
3047
2124
4252
1725
4757
2862
3198
3102
3020
4944
1993
3541
3534
2734
4247
2222
182
4017
3816
4750
4089
1608
750
1660
2466
3167
1887
4010
1669
92
3606
3199
4999
1800
2826
4222
3520
2550
4628
1626
900
2549
4560
359
2904
3219
3121
2236
1721
4080
2060
2345
4012
786
3820
2306
82
865
536
1713
3760
3643
2779
3577
2057
1011
457
3720
1581
3948
4328
2681
493
3170
283
1334
993
2497
2177
590
4344
3775
3691
2741
177
3363
956
3099
261
3443
1372
539
1044
1358
1583
1511
3020
3618
2290
1208
234
4704
330
3461
4986
3654
2424
910
4237
4227
3918
12
2300
1019
4069
4646
1997
1854
3748
3962
59
4364
2200
4644
2445
262
4024
1217
2718
3328
4480
118
2493
4437
4090
4613
2287
4825
765
314
3292
3423
1490
502
2177
3255
2931
892
670
223
228
1794
1332
1792
1575
4381
1516
4083
762
1931
4944
2007
1197
525
3735
559
4373
3894
4256
2351
3702
3200
2732
3411
3734
2992
329
513
4579
2546
4294
2438
3624
3560
806
1089
2960
854
4287
4439
108
4580
3518
2701
3448
3698
3164
2393
548
2079
591
3397
4019
2193
3996
4227
891
2850
71
3526
4865
1235
513
3563
1198
3847
585
4510
2242
440
3743
3349
350
3767
3015
4642
4354
1327
841
4758
4732
1256
4032
250
2393
3806
550
1462
3357
1485
1372
1551
4127
1430
2941
70
3980
4713
1911
1544
192
3758
2419
2298
1215
3223
3569
1463
15
2270
1763
345
791
4041
3322
1796
4617
3861
140
30
2649
892
2004
4573
4347
1274
4889
80
4637
275
3339
1300
3161
4037
2625
848
1332
1951
1586
2683
469
1125
1356
2081
589
720
2130
2805
4118
3156
3347
4036
1581
3144
3499
4417
845
3501
4673
4202
2569
2027
2325
498
4924
2368
1923
3289
3691
4508
3463
4127
2550
1655
319
2596
839
1315
2289
2203
1182
4557
1220
1497
54
2590
1375
2239
3430
1799
1512
3334
3101
4109
4004
3569
2650
3906
4369
2487
3430
1926
4030
4818
208
254
4440
3500
2993
4074
2634
586
2010
1149
510
999
3308
2206
2478
330
1706
482
1106
3460
3958
4332
2714
3382
4912
861
2167
2079
3940
989
4035
313
1504
4886
85
945
1170
1868
2281
1663
2304
1931
4309
1893
833
1936
2916
539
2147
1898
3608
2522
1117
2492
214
97
4332
749
2236
2459
698
16
3094
2407
2955
941
1011
4353
3986
3547
4736
2860
1771
854
2231
4454
4417
511
1800
3531
2781
4497
561
1230
935
3345
1760
2893
58
2883
4086
1165
952
4599
4070
851
946
2213
4647
2605
887
25
786
884
4492
1258
3995
2128
3123
168
3357
3962
1307
4715
4515
2146
939
1715
1866
1587
538
4245
3477
2446
3382
284
50
4896
307
4208
1254
2666
84
4921
4304
4611
2890
2317
4482
3848
2653
3236
3105
4176
2407
2181
2737
1171
3736
4690
2672
339
3866
1102
4890
2653
141
1544
2576
320
289
4720
4626
639
2335
3527
780
1517
3442
1324
4460
401
684
2276
4463
3586
4364
1323
261
1716
4810
75
1196
593
2187
3337
436
3521
1986
2883
968
3188
4875
225
842
4662
470
892
44
58
3139
850
4415
1179
4842
552
1866
1656
2667
105
648
2338
4112
2678
3953
441
2866
1424
2988
3661
4397
1708
1696
1126
207
1332
258
3433
3301
1244
1072
4813
2547
3699
3806
3950
4353
4723
3471
3819
2281
2808
3065
4555
2260
3780
2114
3984
3192
4864
2263
4378
3008
2686
1747
3471
1075
3871
4156
159
1590
1480
3209
400
3231
774
4672
1180
3596
3829
2384
3380
236
915
3771
3547
814
3491
1402
2168
2157
1565
871
3157
1643
1527
3388
717
4835
688
3437
2745
597
3319
528
3894
4434
342
3204
4284
1479
2339
2208
3336
3915
3075
3526
4235
4511
603
3251
112
1901
1776
4609
4632
3420
3046
4644
1582
1732
401
4589
1619
4790
1696
2308
149
2775
3004
550
1457
2907
1307
3931
4162
1202
3137
2267
1982
989
3010
2257
4535
1443
2523
974
3949
1019
987
2542
2850
100
376
3523
3681
1229
3957
2705
2927
3698
1755
1314
87
1171
2006
2608
1833
3545
1843
170
1151
1912
36
230
1254
2435
4238
3134
907
739
1617
1649
3966
2600
4275
2119
858
2562
981
1614
1086
415
3862
419
4373
2965
1709
2527
1417
2610
1534
2739
1544
1545
2412
786
2465
999
533
4921
1209
2395
4107
93
3924
2884
3927
1746
1546
2118
3630
922
2964
1869
4374
2206
2387
4664
3259
4938
3760
1984
216
4836
3449
4681
1429
4726
3913
3330
