1871
4117
1403
2082
4604
2354
3264
3208
3776
2983
1667
4401
1668
3200
1477
3324
1547
637
4629
2821
198
588
2904
2990
2699
3072
224
2427
716
720
925
212
3690
883
2974
1349
383
1149
773
1840
3417
1736
2837
81
820
4943
3558
865
530
3221
3961
3684
3441
541
2238
2016
724
2898
3123
4804
1195
1240
1216
219
4272
1061
3397
2049
200
3578
4595
2409
4104
2816
2030
1834
3357
4184
3195
2450
543
2081
1177
3857
4443
1585
3640
3256
601
731
2927
3788
805
3520
2858
2914
1642
2968
4276
3578
4600
3731
3233
890
3854
4600
3525
4427
4180
1928
3784
1082
700
1534
1134
1279
2796
3338
1465
686
1495
1051
2875
2998
3174
3291
3326
4464
1132
1271
890
199
2303
953
3575
3197
3853
2835
3897
3607
1827
1599
3483
1251
3790
4954
2242
1792
2755
3239
3262
4550
3975
4228
2937
580
2579
4072
1550
4309
2107
1164
3034
4007
4317
1421
1682
644
3849
1076
4755
4206
3271
522
3348
3059
3748
2502
1864
592
4545
1729
2256
1738
4804
2966
1574
4589
265
3319
339
4546
2042
1507
4464
2783
2620
4148
259
3674
3220
4362
827
1056
3006
2715
3847
1206
4122
2537
1033
3779
3537
333
2313
2514
4209
4805
3774
1101
1349
4703
2510
2254
2796
1114
764
230
109
3949
2613
2551
2916
2051
4976
2981
1293
253
246
820
1641
441
1991
2244
1847
3291
2890
4638
2950
884
3043
2131
3715
3451
3861
1587
2286
354
4885
949
3607
4843
2851
3621
174
1307
2272
4105
1371
3722
2475
1954
1195
723
1320
178
3365
2797
3423
3412
4207
1019
789
350
4606
4090
1065
2877
510
4301
4787
3127
4069
1474
3140
3218
4870
471
2086
2307
1598
277
2892
4547
3979
1398
2848
1647
368
657
2377
702
4796
1579
4154
2545
1254
1057
3053
2480
169
3843
4894
1432
2489
1736
925
4880
4675
2225
3440
3142
1958
3229
3656
4738
3368
3741
665
896
1194
1588
4191
4097
3248
201
2437
3262
4548
3500
3308
4655
1427
409
2343
4917
4734
1405
3539
489
413
3063
1588
3648
914
149
3983
4913
2644
4638
3495
483
1740
3589
4865
2113
4346
2307
785
4486
2602
2913
2362
3879
3063
2802
3224
2088
3318
4373
1202
3345
2208
3997
3210
391
2810
1859
2897
793
1213
3161
627
4008
4154
959
3274
3507
1791
2476
4891
1373
646
2600
1467
4120
428
89
3377
3093
23
3897
2847
2183
2225
970
643
1329
4715
3397
2246
2415
1445
1864
4041
4967
3753
389
3833
2789
1206
517
4917
2212
4044
1834
585
2761
3879
2484
687
2381
3736
614
4880
134
3905
4017
3413
2026
2862
3787
2844
3870
2388
3005
4702
234
3937
4440
2518
3019
407
4801
2812
2568
1647
2027
2888
2656
2954
58
1544
3854
3031
699
1805
283
4410
144
1912
833
1366
3351
4039
4076
884
2009
32
55
3243
1051
1110
454
3699
1989
26
3335
2196
3083
3543
3069
2294
3815
3605
1932
1417
459
3470
251
1678
50
1449
1916
3020
81
2244
3869
4798
4232
929
3692
3677
3340
3460
1720
1947
3096
2773
3138
2017
4982
2209
3117
4622
1773
314
4631
1137
3100
4433
4756
3788
3385
1530
3130
1776
4115
3944
316
1113
4965
4551
3815
955
510
94
1389
550
1112
685
2773
4315
3980
1329
394
1210
3894
1988
4074
4380
1848
983
582
296
926
1378
1494
596
2234
1478
1002
2849
836
377
1273
3576
4364
1224
2245
1182
4272
3905
98
1685
1604
3917
3309
4625
2024
1158
1900
561
1315
925
2405
1816
1046
2111
2777
4416
1803
3974
1447
2490
1249
728
1103
1610
1811
1058
96
3023
624
3991
2388
4688
697
4778
1690
1356
2613
55
3214
2347
1489
2715
2024
3466
2677
4806
4601
2727
2254
1258
21
979
3866
4909
1676
4430
985
1186
141
1183
2335
2258
1312
2068
2872
2847
3777
2201
815
2929
3504
3787
726
3020
4743
3798
3028
4042
1189
1684
398
3685
1591
1059
4615
3827
2509
1779
2919
4607
2981
4022
235
2493
3390
1228
227
4167
3015
3460
4222
1710
1640
3229
4305
4675
4483
4557
2831
1753
2921
69
2298
4653
4765
4713
3705
4009
1842
461
4553
2317
2863
2611
3373
2852
4109
1190
3619
4990
1928
1005
1115
3542
2920
2761
4455
1855
2394
1326
4785
4344
317
352
4397
2944
3127
4737
568
4185
4486
873
3349
311
4446
1782
2288
1351
2293
2097
3742
926
1446
2916
4103
568
1819
2394
2814
212
3899
1697
1858
3549
3490
2412
3500
4828
182
520
1033
192
3370
1383
1182
1837
4944
991
4566
4141
4134
2997
4525
1780
1434
4267
4160
1235
947
2133
2291
4639
3994
791
1725
2875
4829
1792
4130
2577
1484
113
4387
1745
3131
4030
831
3387
3971
2186
2928
998
1238
988
4329
2245
1005
1384
2282
4046
35
2282
3134
662
3783
3762
1104
3086
1989
213
3091
4731
986
4198
3480
933
1325
243
3366
4508
1228
645
4717
3568
1919
589
2545
3598
4544
4565
2749
2272
2916
3604
2161
4371
657
2842
317
1213
3752
3006
1447
3252
4870
761
4134
4657
1987
4764
836
812
2403
2622
3716
74
3783
4125
3344
161
1662
4169
2653
1277
2197
3199
556
2349
2363
2031
1455
1670
3751
619
3259
2790
80
3245
3822
2540
4517
4610
16
1495
523
854
4243
3188
704
4406
4050
1532
1452
3201
2183
2433
4708
4282
3301
2324
2168
2342
4020
2649
1875
3868
665
1103
4419
1450
1664
1449
3740
3658
469
1418
3064
3340
430
2410
4327
3291
4466
4133
4832
511
443
1931
491
3929
4524
4512
180
340
1569
1709
1311
4678
1133
783
662
4897
451
348
2518
1192
4672
2486
1244
4045
20
2496
466
1922
2092
3002
725
2988
3337
4335
3096
4427
451
3846
894
