757
2430
3559
2129
2072
1673
3322
1857
4907
2586
4795
1080
4565
3609
355
93
1662
1507
1588
1630
515
4163
2954
2085
1809
1672
4926
4372
244
4475
4724
3413
159
1634
2976
603
300
1436
3580
4388
3875
3636
2714
1537
1126
220
1820
3521
3920
1297
306
2762
1233
3353
2412
688
1308
63
250
2828
4990
4340
4872
3949
4508
4154
1503
1568
2918
2734
238
2180
636
587
1200
3740
4690
1828
3892
2376
4919
2080
50
936
682
4104
2670
1786
1559
1617
1324
21
3795
736
4064
2712
2402
4050
319
4028
2268
4193
2439
2768
2757
107
3299
2589
4802
1955
1436
618
4829
3355
3635
2141
1665
3725
3005
3104
3822
2011
2983
4448
4303
1569
4364
870
1958
2667
3830
51
2690
4866
4334
288
4488
619
1439
666
2599
4515
4770
4678
3921
612
109
1017
4415
3157
4452
1724
1033
2168
1522
4609
2699
2058
1257
380
2244
1544
3567
107
3535
4327
2684
4218
4171
3029
981
3851
4464
2892
376
2776
1453
4045
1286
1416
4876
4174
2800
2206
2896
3680
124
4103
455
165
1857
294
1323
462
1962
1340
4898
3847
2626
1477
1897
3513
4560
4422
2288
3211
226
2304
1632
969
276
3974
2910
4347
4335
1566
3820
2728
4086
4425
328
4343
435
3181
4906
2153
1584
2828
1846
3146
1360
3828
2086
2090
3454
4075
3637
926
500
3517
1802
2306
2751
1220
353
2619
3958
4926
3153
1387
4645
1443
4628
2747
1374
2750
570
2226
1829
418
3034
67
3920
136
3297
199
2497
186
631
2106
1801
2846
3036
1257
3096
451
2499
884
1701
496
4557
4680
1716
1040
3054
4951
1041
2131
2414
1670
3322
2166
1456
2328
3663
3600
4307
869
4653
2389
4654
2768
4537
3479
4657
3757
2449
4212
2985
2516
3313
4894
1572
4802
1599
881
1780
3715
4743
1608
2297
331
4012
922
2124
2122
1704
3021
4038
4148
2987
4023
2455
3859
3843
2077
3460
2471
551
1546
203
1877
1390
576
3326
1823
873
906
128
4625
4488
141
3940
2497
3874
4865
496
4251
278
2818
10
289
3504
2220
3152
1204
1730
625
1685
2910
3182
805
2203
4683
2936
1885
1684
3323
4038
477
3451
4655
2170
2880
386
1351
4655
1017
3717
2691
3109
3139
2553
311
2161
2659
2210
837
3092
3664
4729
982
3791
1195
4648
2992
207
3395
691
4517
561
4406
719
3640
3943
3935
1085
1610
4952
4295
3596
136
21
3782
559
4978
142
942
3931
3514
4414
2477
3656
6
3416
1237
1349
4592
3350
332
415
2474
1668
4567
4482
4990
761
2905
944
789
4841
46
4334
2202
4533
4873
3160
2472
4913
1417
4392
1455
1445
1703
1158
2206
4078
2403
255
3700
4639
2491
3526
745
1486
629
4954
953
858
4195
500
19
919
764
2800
1411
1026
4774
986
502
1561
4840
3081
3759
2695
2628
785
2460
2288
68
2897
2818
3614
1326
456
4838
1468
2903
18
1513
1105
741
3561
797
18
1714
3118
11
1115
563
3065
3769
4367
3331
4182
4502
2209
4449
2999
2285
1176
2141
2145
4352
2681
831
1313
1396
3009
4151
4736
3707
4600
3625
740
4679
2773
2766
3415
1985
4419
96
3219
3747
2582
4908
3249
2046
4723
2242
1785
2127
2797
101
4619
1131
3681
294
2811
3370
2776
305
4564
4659
2858
1946
2259
68
3963
1438
662
1568
955
507
4363
1004
1463
640
4888
1300
1064
3282
3506
4073
2441
2
4620
4351
3306
1972
4467
4112
4805
3233
2732
2020
2177
1471
2802
2939
869
4571
3511
1886
1195
626
630
4476
2047
1323
127
1952
658
4290
607
467
2769
1251
4363
3726
2355
3500
1558
4014
81
3233
3472
2702
1255
2037
301
4761
2001
3560
1254
3980
3798
4337
3202
2962
3482
2308
3234
324
4547
3764
3608
523
1819
4225
3168
3046
2531
1830
932
3265
1873
4895
4548
1440
3180
1360
2195
4948
1569
4013
811
2355
601
2565
472
4807
3576
3496
1693
3895
296
964
576
4687
1440
1027
1689
2084
3554
3143
74
2336
3854
2989
369
3506
2119
3752
2348
1036
1533
2356
1481
2096
4319
4571
4005
3312
2084
260
2677
3455
1504
1247
3971
2055
1666
830
2670
3511
202
2350
693
2161
2166
4906
3155
3147
281
2429
807
4820
2717
503
41
3988
1060
3306
1107
2881
4570
3194
874
4352
148
145
1896
4724
4442
1126
315
1095
2457
2450
3443
835
255
1709
1320
4046
4667
1786
1649
4693
2507
3540
2260
1147
3717
2835
1913
1332
3044
4885
1313
113
4736
1847
1564
218
3823
980
1584
3077
2509
1873
981
2044
2129
1537
4072
705
274
445
2095
4107
3264
3517
4500
3559
1714
1176
3167
936
3037
4216
3498
4957
792
1283
3186
891
3018
2843
404
1205
1116
4582
2219
2206
2634
4250
3432
3950
4786
290
4032
4868
1153
1143
1343
3405
3330
3090
3434
1270
4068
321
4066
3824
1103
3273
4244
4524
2378
4592
2118
2916
2399
4430
294
4393
715
4871
3409
4746
2327
3437
2540
3648
2413
1126
1567
4521
2395
3825
604
4933
161
3355
3498
2549
4499
4653
1526
1560
2799
3230
1087
699
4892
4
1740
3467
1429
4033
3164
4580
2339
747
4081
3411
4323
2218
4812
1980
44
3287
4153
3365
324
808
2244
4424
1172
1340
1540
4213
987
4820
2243
2349
679
2764
1510
674
4247
1361
123
1667
2698
2014
3934
4099
4050
4242
903
4656
217
3393
710
2857
2413
1165
4718
2202
4804
2294
4589
1737
1770
2795
1174
4459
4157
4831
4160
627
278
839
4318
838
82
2509
4062
2058
3020
2858
4724
4728
2283
335
3329
1508
2009
1807
403
1382
3849
4176
4036
3410
2338
2144
1111
2922
1845
4197
3507
3534
4394
2045
4131
2725
3919
785
3628
1426
4575
2097
4654
4103
1210
3780
