1882
4731
2773
2881
3153
2972
2936
2032
1911
3377
3629
3926
1469
1504
4961
1312
2464
343
1602
2834
2765
3391
882
321
1981
3997
167
3039
4991
4258
1139
3432
2687
1147
1269
2274
622
524
3415
578
1957
254
1161
463
2203
3599
3679
4906
436
4296
4551
2619
689
3495
842
4255
806
4967
3475
1046
1417
1794
2929
4513
1674
603
405
828
3491
117
2423
3504
3585
2108
3802
57
627
604
3492
2516
3825
1834
2012
814
2497
2482
2866
1482
2587
4667
4389
795
2604
2471
1528
544
4661
3072
494
3079
246
4936
2309
920
531
2159
2583
3049
2323
4783
559
2849
4488
2662
3544
4898
4796
3585
4895
1434
1703
477
2351
3437
4323
2389
1390
3054
355
478
2316
1743
813
3809
4204
476
907
4867
4057
676
361
2592
321
4420
3642
3661
22
4259
1757
428
3700
4822
2392
3421
708
3181
3345
370
241
1232
3545
76
3076
1305
1954
42
2856
641
2162
1
849
3779
3313
3410
2973
1912
4622
1611
1367
3665
2975
837
2691
650
3564
2954
1936
2266
379
552
4767
577
2919
3313
4455
1656
32
765
4530
3200
3617
4430
272
3414
2357
3250
3991
4575
1146
179
2670
4405
748
3700
3461
517
4424
957
3562
4432
4174
2668
2391
3119
1542
4668
4988
4312
4405
344
478
4764
2711
4560
2486
4519
2255
1163
231
2007
2844
4622
3529
4549
3548
1534
1100
1854
1569
3935
1272
4787
1289
4445
1761
511
2263
2478
3667
1117
1587
4789
2984
2449
2030
766
3833
1405
891
2265
1378
3965
4785
1250
251
2736
3654
3122
4785
364
2869
1141
1319
3613
3375
65
183
252
3891
244
4411
4820
173
3709
782
1263
1414
2429
4158
4442
18
4128
2462
3363
217
4444
1790
2572
4614
1301
776
3601
3614
3883
4251
3721
141
680
1607
4543
1954
3883
1266
2439
3558
2770
2216
2156
2103
3112
4678
785
137
2247
1169
4087
4715
4225
4459
1644
4442
4327
2233
3860
1391
2358
4527
4931
790
2311
809
1386
124
1262
4987
630
4915
3085
2021
2941
3955
3679
3620
1775
3073
63
3846
4544
4572
1086
1704
1543
1493
3841
1234
4732
4578
581
1377
389
4766
2581
1872
4664
643
165
2720
1488
1560
4006
1801
475
4793
475
4183
3381
4622
4912
2910
1067
2196
4182
2593
538
101
2359
2065
1149
4119
4345
72
3407
3342
3989
2279
2785
2916
3287
623
3937
1439
400
361
929
105
1163
3424
2335
4818
868
2873
613
239
4879
2742
2382
1932
1199
4424
1476
4576
1227
3228
3410
1820
2272
3826
2293
1474
2132
3808
3389
4207
299
4329
4231
1962
587
1198
3156
1640
576
287
52
4511
3379
3818
4660
713
4415
3754
2030
4302
3266
1863
2865
476
3748
4264
4058
1141
1639
153
1979
3604
125
3662
1704
4610
1573
3835
1297
2310
199
3112
1209
3893
2383
4050
1198
3408
804
4155
4464
1352
4134
386
4318
3994
4234
3748
2824
3913
4326
3225
3236
2872
4650
1982
846
2398
428
1490
1524
132
4221
685
1163
1831
1625
817
4728
3015
4285
4285
1345
3399
4104
2254
637
2571
4598
4310
1511
2063
1675
1097
2186
3818
2772
2336
3121
1680
2456
4627
850
4912
1894
603
4263
1792
3633
2912
2780
4591
473
1080
1497
3460
3778
1220
3120
4898
3633
667
4889
4095
610
245
604
2070
3607
782
4532
3463
3749
1307
1252
3629
1766
2444
3463
4187
2506
3008
3595
2885
3611
1881
39
2920
1368
1473
2638
276
2303
4414
2556
2038
4836
1584
2014
4370
983
3544
1069
2296
2287
1281
4300
3178
2007
3771
4539
2123
4374
312
558
1321
3796
2005
2847
4112
3011
4896
4832
4088
3060
1018
4894
4668
949
716
4783
1083
392
1052
233
3623
474
4006
4543
1682
1970
1459
1172
486
202
457
20
133
2707
4591
4504
650
3613
386
1185
3760
447
4624
4689
2642
2516
4389
3939
1111
48
3442
4516
2193
3510
751
3982
3783
1923
853
2082
2270
1998
2429
4654
898
2115
3782
1561
4532
1613
3578
97
4956
2476
279
768
2022
539
2876
2336
2642
2776
1533
1406
2118
3852
4696
4766
972
2204
933
526
937
3419
3093
758
2530
1239
4868
503
43
1912
1353
2399
3125
76
3958
4004
2645
3597
1423
781
2583
4487
1030
1942
3107
1850
3638
888
2091
1770
4785
4883
2819
3626
4223
1918
3120
3674
4584
1537
1548
2727
1481
576
2135
3598
1180
4929
2291
3026
3268
3877
2379
3354
4067
4294
2148
1572
616
1790
3783
1751
1007
2004
3790
985
4892
4533
2595
127
4974
4616
4005
2611
1096
1719
912
4465
3440
3400
1203
1489
603
2264
449
4665
3221
3629
3033
2431
4200
3611
325
953
1819
2617
483
4020
3389
771
3586
2145
822
4656
1493
3174
4033
1946
427
2465
931
1095
4756
404
233
4066
1020
511
425
1549
556
534
4072
2750
3936
4381
3467
3109
4130
904
4061
2212
649
4260
3761
1275
1676
3628
2334
1477
568
2708
4888
3991
3292
3140
4784
790
3373
4704
471
4667
2084
551
362
4467
3282
4048
3320
3076
52
4821
1104
4354
1161
4991
2747
2174
2258
2693
2332
1550
3687
1852
2269
1991
3205
3823
3713
563
3083
1177
3879
12
4137
1206
531
2550
4932
3609
3741
3939
302
1316
1375
2332
4436
1015
2356
1245
2496
246
2610
4790
4485
3736
1258
591
552
1680
4537
3286
63
2338
4651
4272
3777
371
1349
1405
2578
3052
4045
1235
3574
4625
20
315
1134
2018
2241
4880
1837
2697
2150
4664
3070
4604
4733
2794
3914
697
3976
175
4077
1385
3215
1632
1984
2433
1645
3248
4131
3603
1108
1960
2463
3822
344
3364
1127
3546
3463
1219
4763
4412
243
560
2019
1730
2008
2590
2558
662
563
4877
4849
2352
6
1441
