1571
2312
3633
4403
2452
4436
4519
3245
4920
1822
4816
2409
4264
2936
3301
4947
4802
1912
4721
2946
4891
1887
3941
1593
514
3381
2943
908
3975
4980
1362
4043
2299
1081
970
3290
3479
491
4965
1129
3844
1117
4606
1806
1627
3860
2168
4567
3496
1456
2185
4202
1424
384
4633
1380
3441
4287
4154
3961
4169
3524
441
3306
2709
476
3874
451
2487
1716
1325
4004
4013
2729
4122
1431
3804
1779
4088
3847
2863
2404
4184
2979
2980
1505
608
3523
3693
1394
4791
4570
3314
257
2522
2580
982
2871
2940
1610
1914
1381
2151
1361
3269
2906
4548
1165
745
929
2005
619
3302
4651
3151
2979
3079
3331
3905
1450
966
654
544
1471
691
2419
1129
1092
1520
1728
149
3390
4052
432
1288
316
4439
4338
3602
2792
2139
321
4106
1531
3558
4907
3464
4661
2008
4224
3103
2365
228
3733
2075
4605
4206
1447
1731
2671
3416
4415
3973
3623
1320
3092
2021
3024
1846
4336
905
2387
3947
3292
4121
572
978
1908
2358
3738
1384
3455
2088
2469
4817
1155
4423
1096
4387
381
1378
1892
4709
4884
1733
4213
163
3548
1478
724
3335
4505
2920
3758
76
2078
3533
4370
2343
3295
1545
172
4626
405
2596
2191
2330
3224
4877
3314
307
3247
956
2463
1817
65
4055
3348
1651
1509
1917
3660
280
3941
3017
1024
1251
1803
2522
1801
2349
1559
3624
3421
4622
4350
4328
1827
2649
2436
3643
1263
2087
2072
2504
3271
3508
4476
95
2499
4285
4076
2159
2569
1091
1018
1044
2951
2485
4373
1595
4742
4125
1268
1614
3605
3360
4142
2489
1016
2231
4172
525
3415
1436
1870
3646
551
954
2012
4191
4525
2451
1058
3867
1671
1729
1773
1600
4517
665
74
1313
2613
4566
4169
4973
2506
1978
2980
2605
994
2067
600
3055
3078
3385
606
2689
4601
4190
3715
1526
3655
2160
3671
1592
3405
1130
2530
3870
3569
2753
1882
565
63
62
1414
4447
2561
3084
4665
3070
1219
1704
4104
1144
1730
793
4999
2100
4092
329
2991
3142
1800
4385
418
2660
444
760
1486
1162
104
3835
1884
1740
324
4371
4902
1502
3906
299
3424
3018
2461
2145
2519
2798
304
3042
2988
31
517
2470
2665
451
3798
3271
2463
1496
416
2097
1717
1660
895
453
1736
2205
4513
4591
3086
2292
3041
920
2339
214
4881
1955
2896
1639
2204
3679
3995
2158
4843
210
4930
1230
13
230
1364
1090
2273
2329
113
743
2598
3719
234
498
3974
3470
494
403
1736
4348
735
266
2706
2173
3649
4201
4149
1958
1570
3895
2426
4653
3080
4856
4194
4452
4163
4819
1663
1937
1039
2572
1762
3760
2523
3513
752
1765
3556
427
2137
361
3106
3462
2571
2585
3201
1166
4482
2199
1378
4462
1312
1689
671
169
3174
3475
2034
4857
3163
2011
988
2409
1022
4278
3661
1247
2335
9
4418
4386
4663
1234
562
1891
1937
1180
2685
3257
2188
791
2135
4945
3301
2968
4699
4845
3350
1448
934
2679
4127
3692
1340
1785
3958
2406
2356
1074
2964
2068
4551
4692
1084
552
4363
903
4444
4046
3027
2433
847
3427
4897
4931
2313
4281
4518
965
510
4267
3903
3688
1572
4918
2665
1128
1209
592
1165
4337
1149
127
4939
2273
693
428
2829
714
1926
3483
3014
4240
1158
1900
942
2983
3993
2290
3122
2033
829
466
3349
4036
0
197
2715
4362
1457
2651
3663
43
3620
3765
1555
1772
1387
3579
1660
1725
295
4135
3696
3461
4322
2149
4385
4789
2365
1722
2027
4739
1275
3288
2488
3204
4779
1201
4233
2838
938
4852
4107
3010
2743
2409
1711
2653
4363
3198
1650
1386
4705
1935
2977
395
2383
3496
223
2418
1743
1714
3733
853
2158
2018
3934
3712
3697
2535
315
4072
1444
2819
4202
4189
4852
3921
2334
4374
2068
3432
2488
4496
4421
285
4627
1918
2524
3588
3581
1592
2984
3282
126
3281
35
2149
4303
1865
4153
4037
3494
2823
4205
1490
1562
3752
2663
429
2294
1139
289
4769
152
2023
2458
4472
2237
28
1268
3902
3704
27
422
1242
270
494
2976
3215
3535
3010
2256
1356
1255
640
4751
1849
3051
3450
1207
3419
220
4961
2924
1288
84
3138
2220
4765
4984
1388
2965
1805
2883
1533
3331
2085
2208
949
326
3507
4366
2282
1702
4571
4612
1067
4378
2466
4932
1163
4231
2545
1430
1678
706
3075
1347
2003
1871
4211
579
1342
2531
16
2195
2871
1313
304
1312
2601
2597
874
4366
1590
2422
1999
1163
3033
526
2382
1211
4272
2947
3113
1267
3334
149
2167
3177
4169
4592
1375
2874
4155
1786
2886
2069
2917
2460
4197
1371
4836
1704
2390
249
4026
1902
1292
4559
3648
4904
4203
3150
3414
1699
244
4111
937
4731
3470
2953
334
98
20
1905
1529
3046
2704
3361
4590
2580
2404
300
4156
2552
3341
4466
4425
1148
1032
323
3375
1199
4891
1617
665
1246
4724
3630
4673
2437
1096
864
2487
251
4320
1501
2747
3088
4922
4387
1351
4658
2020
1743
1298
4149
3983
1746
3427
1656
4435
4880
1874
4857
3636
2694
2808
148
2160
2657
4335
363
4032
4743
2148
3588
3009
3668
1784
4735
3502
2124
1733
1317
2715
1232
3986
1695
1845
3513
1853
4337
827
3611
3809
62
3926
4037
896
1692
4697
4026
4404
860
610
2678
4487
20
2352
2280
4229
663
1010
748
1349
2839
4828
3028
2548
4858
4080
4733
2655
3095
586
1499
157
329
3662
4261
3395
3102
795
3196
4305
3330
1102
2896
2433
4427
220
1169
2279
4337
4203
4523
2938
1394
3999
3739
1831
1983
4804
804
176
1431
1279
4220
2894
2470
2479
4044
2606
4414
1208
462
2646
1995
32
1059
3969
3977
4879
2439
4360
1543
866
2503
2130
4139
1424
4959
2124
3095
2128
4302
4925
799
