4180
1308
3974
54
1070
1934
2923
2861
737
325
1772
1888
1694
3573
4158
2009
684
79
4715
2322
1499
3844
1624
1504
4845
2193
4661
4132
4489
4653
3973
3013
4090
866
4237
235
3606
281
2235
777
3918
1403
4409
4832
4772
831
4123
901
4943
2211
2793
359
4148
2461
3597
4005
576
665
1883
1889
3247
4627
2820
3125
3427
4619
2104
1495
2581
3759
3602
982
4095
1558
2674
362
2670
3034
163
1897
3695
2314
4376
3114
4308
3641
900
514
1982
4735
2172
3055
4301
3406
4811
4916
2044
2216
760
4349
1748
4401
4055
3438
3514
1515
3431
3889
4687
4527
4211
965
3644
864
782
4060
3760
3583
1349
4180
4545
1608
2038
3933
1443
4036
4212
4920
3429
4764
528
2857
4972
1230
4497
1279
4479
3742
4278
4685
20
575
2238
2740
3723
3072
1842
2402
4680
2117
4772
2205
4196
2704
4044
1790
10
1101
2360
29
4655
1014
4444
1515
1338
3370
1299
963
4043
1200
1854
1445
4443
1931
1882
173
2415
623
1864
660
4148
4421
4230
102
3559
1693
3933
4256
1141
1077
2444
294
137
968
3027
283
303
771
248
2975
933
2760
870
4486
1742
4758
1518
3052
860
3466
4912
2566
2038
4733
3745
4739
2106
264
2853
3347
4941
3807
4380
4974
349
4279
124
4852
2558
4254
1849
4645
2004
2709
4806
489
3652
2615
4112
3541
2691
4768
1487
3769
2924
1824
553
3819
4921
816
1032
1710
4171
4062
825
3572
3475
2100
4998
4880
1242
431
1984
486
3258
1963
1449
4523
3407
4725
4444
1294
1564
2202
3000
4588
540
2104
811
1960
1
1143
2289
92
4940
2067
3902
2324
4236
37
1711
2508
1760
2133
1328
834
4223
4389
3956
4261
3592
191
2072
2737
581
4147
420
4204
4186
2524
4289
3334
2024
2581
2064
3468
259
2057
4797
334
1386
460
1159
1136
1685
4021
2149
933
4591
1062
974
2748
4639
793
3669
462
4725
2138
2325
893
569
3012
2531
546
2526
831
1903
2790
3206
1108
4000
4151
4516
2321
2975
2167
3692
3493
2772
1574
1656
2879
2110
3994
2193
1961
3336
477
2877
2130
4241
3044
1150
1221
190
2690
2421
4215
2139
2322
2935
3097
765
19
2249
1086
2241
4286
2515
549
3935
4602
2995
2428
3025
1267
2822
3619
2192
1839
2615
4949
4699
3243
3692
1603
2213
1270
674
3956
4239
300
2550
61
3539
2031
863
2088
1883
4819
4630
1060
2633
3232
620
2602
1001
620
419
1673
1379
4178
3410
1352
1307
3919
979
3678
35
2240
2599
4018
3002
4898
3822
1799
4058
4579
724
3774
4527
1851
1223
3948
602
1088
2432
1659
2312
1924
4016
2498
993
4568
459
2834
3421
3448
2631
1642
3210
4520
4191
1275
782
2093
4575
50
2040
2690
2250
2272
2017
2608
323
3072
224
4631
4710
4379
385
1701
4895
2683
3619
3062
44
4777
2617
1844
4688
1411
2292
1533
592
573
1873
2206
4542
1245
1095
3120
1197
2620
1188
4629
1402
3283
4196
4257
3959
3005
1614
3533
1160
4543
3255
2951
3016
4968
3319
2449
964
2242
3677
1535
1608
4671
3195
672
2539
593
2253
1226
4338
2828
2864
4975
4271
1033
3262
3591
2568
3666
3331
4790
560
1916
3283
1550
4217
3230
3962
1911
2443
2326
2915
1572
2721
1175
246
4499
2228
3725
2004
3534
168
381
3129
3643
2593
1538
2527
1186
112
1953
1670
2372
1775
1491
3618
4575
4774
4762
3088
2431
4754
876
2004
2348
4219
1032
1291
2417
1053
4385
3505
3624
3668
4750
301
4685
2204
3605
1874
4723
3044
2110
2503
3229
3808
878
3596
1499
3801
4704
4595
4106
430
3848
3260
991
2074
4347
4318
3424
678
1878
3873
3811
2523
3815
4256
1411
17
3152
3448
3074
4003
1255
3171
2035
4803
1114
1687
1009
4964
4115
4369
4441
2535
2978
1842
1224
2873
2407
4241
4183
745
4955
3920
4666
1470
4526
4309
2934
1012
892
383
4792
2188
2223
1169
2101
4414
2365
1669
1310
2913
1655
2591
1628
788
3717
4359
3989
666
3479
1108
4517
896
2761
1005
436
4758
3214
4465
129
2821
3607
4735
138
76
4085
1710
108
3248
336
344
4332
1779
957
2524
1081
4620
2475
4067
320
3430
1407
2688
3332
2554
4322
410
2660
2030
4854
4107
2376
4005
2478
4298
1614
1462
4536
1826
2146
2366
4309
689
4228
113
1552
234
4388
1682
525
1974
4947
1866
3461
1851
844
3233
1569
96
1901
639
993
4794
4360
646
1906
655
507
339
2008
1552
3437
4370
705
1375
2587
3996
4242
2046
4749
2533
1359
1160
4033
1386
125
1477
1275
4726
1707
1024
3097
1415
2884
1826
3830
2172
4672
3820
4703
40
1576
4482
4648
776
3237
3019
3729
2672
4891
632
274
3850
2106
2071
2947
930
2552
3294
4825
127
2203
1502
2022
964
2764
587
2365
1374
3411
3408
2795
576
4250
4729
826
4688
2475
1626
1058
1420
1972
951
1090
1783
3915
76
3811
1919
4817
3279
1360
2249
2572
2208
1752
3841
3924
1621
3432
4285
1438
739
1732
1704
3839
385
2831
4893
3370
1997
4
4776
3295
1682
626
1883
4233
2939
4093
1962
3065
590
3569
2853
168
3470
2327
892
1976
113
2816
3738
1159
2795
965
2630
4178
896
2388
752
1256
293
4199
3586
509
4204
4791
3686
3146
3086
1551
32
4238
1090
2234
4413
4226
3996
1158
3482
3031
85
3412
658
2066
1605
355
1051
4058
1941
3008
3359
1169
4922
1951
1335
2740
2618
977
2559
2084
2030
1672
840
705
4219
4172
3160
4774
2402
4122
216
4577
3386
1203
4337
4659
1501
3468
2691
1622
484
4317
1251
4088
1147
3114
3252
4409
602
2895
4116
1165
1272
2567
3739
779
52
2977
426
1650
869
4238
3603
1028
2091
294
1338
3910
3149
2785
