3427
2915
1988
4485
1643
4268
3574
2663
1699
3856
4335
947
3814
106
1232
2170
1911
2400
2953
4274
1737
3887
3199
4927
4680
2671
2765
3610
1278
1515
1033
1656
2159
4907
2079
2673
3466
3656
3334
4497
1075
4635
4593
4405
4826
1896
713
4827
4270
898
194
531
3442
2535
2279
4484
4741
2104
2035
4629
327
4743
4167
1617
1549
3365
2130
1804
3849
792
3543
1568
4463
4461
3746
232
3950
3097
741
4325
1698
4471
3042
3683
3612
1508
2489
1733
4617
2320
766
3954
144
3225
4099
4276
4045
1736
288
18
3690
480
133
148
3994
1127
3853
1430
3948
1741
4092
645
505
2362
3049
3071
3821
2990
423
631
2731
1964
2309
3465
204
4974
2120
4641
2763
323
65
4599
350
1952
772
4888
884
266
4481
1337
2043
1468
4568
2179
4013
4553
2305
2955
3596
2430
2643
4313
3910
2746
1027
3282
1033
2807
3829
1792
2078
3050
552
2455
3515
373
4438
3079
2973
4739
2335
4918
2531
1157
843
44
1376
3662
1324
4898
1082
403
1800
308
1733
2539
4368
2885
2397
2076
275
1493
4624
2329
4057
2889
2007
4981
1035
452
827
1633
1106
3475
3869
4572
227
4928
1311
3319
4785
2480
4411
1743
1254
2578
3921
3062
3892
570
2288
4388
3713
590
942
2418
4330
4391
1697
1048
3277
1124
1097
2123
63
1956
4658
2099
788
13
2715
3280
2677
1147
2479
3664
3843
3220
1211
2841
4998
1938
2719
3452
2161
70
3373
2233
2860
285
2154
4515
1391
3879
3193
3137
1923
1728
4812
4926
2077
4240
3862
843
1464
4300
4509
3583
4683
3265
1038
4855
2385
2767
4078
2996
3204
4558
38
2857
1532
2485
1695
83
1121
3215
1055
1253
4177
579
4234
4988
3143
2258
144
434
74
2389
3827
3713
2941
3627
826
1440
1533
55
1766
2788
1506
1115
1767
4438
1088
2699
3617
882
4813
3010
520
4866
801
3235
1631
3988
3935
4100
2144
1738
2672
4735
4986
4382
2100
4935
2552
2484
2840
4268
3922
78
559
392
1030
4828
3023
1138
3485
1982
2408
4484
3695
3932
3043
4213
1329
2214
1798
4194
1459
4139
933
123
3864
2438
3087
4341
4463
4802
531
4095
871
257
1184
1178
331
918
484
2731
1552
4777
3030
4379
3796
177
1735
449
4311
3631
4727
3914
2305
4379
2885
17
2039
4340
2695
1080
4201
3045
4360
4947
4166
1308
356
271
2079
1211
119
2004
2790
3537
3734
1701
1588
1045
3127
2681
888
1955
487
2146
3504
1124
2840
2881
1348
3362
980
3394
4468
2312
2879
1942
3780
4029
3360
4621
1999
2247
3175
2716
2879
2187
2718
4726
3066
1192
1403
3056
187
3497
732
2319
1547
1241
1047
3956
1353
4755
3036
1001
2102
1769
933
1386
4216
1776
3444
2661
2241
4221
3581
2066
3252
431
3333
24
3112
4836
2857
3213
3154
943
1925
2527
2080
146
2804
239
4055
2991
3921
2992
4388
682
2908
713
1648
2153
2602
3452
3829
3767
2918
4036
3424
2155
765
4077
259
4525
3701
1088
550
1975
3089
1388
850
830
1642
1580
2262
3466
1127
2027
4068
3042
501
270
2625
2466
4103
2681
3533
2331
1539
1114
2342
4509
171
2898
3682
1464
2491
4556
520
1951
997
3409
2483
4668
4364
190
506
1645
1162
1548
1014
3069
4704
976
2680
2521
1498
712
2935
372
3541
3407
3446
3731
3765
3336
2108
3866
4200
2618
2289
4209
2326
411
1028
2217
2618
759
4365
2792
4161
540
1797
194
491
2273
4112
2687
59
1273
3189
4211
4031
832
4147
296
2392
1878
3374
949
2231
1022
198
1954
4574
4350
3044
4177
1573
3943
2314
238
2379
4536
2197
4218
421
147
2872
1850
552
2
2765
3455
3119
1700
2790
4339
276
1604
3337
287
446
4867
841
4901
635
4407
2848
2732
1539
3292
1449
1003
4916
1675
2854
3633
921
4259
382
3562
4529
384
2819
373
2098
4592
2876
2313
2639
3180
1949
297
4613
338
748
3897
1620
4843
350
3887
448
4224
1747
116
2716
2355
2885
3268
4247
143
2826
1766
1644
1134
4454
2312
4473
748
557
3188
1092
3100
551
1839
3726
4008
1124
2353
3982
805
1481
4382
4377
867
2004
3265
3814
3289
3871
4859
4539
2057
93
4911
3613
4350
3964
2476
4498
981
3761
2187
71
937
1706
944
1023
573
4074
4078
709
971
937
4268
3843
1557
3018
1481
1025
1298
2628
4691
3382
4959
2312
1314
1694
4075
938
3857
2516
185
1555
2660
4448
3201
4694
836
2785
4152
696
2067
2951
3821
1953
4995
684
2112
4657
577
3519
990
2504
3715
3850
785
4011
4424
1117
2154
3593
1814
3678
457
4563
3362
2282
914
1592
4025
1962
4102
4008
1914
1604
188
4849
4456
2020
4080
1848
308
209
754
1611
1039
4093
4257
4325
4580
2620
2574
2807
2434
2762
2679
4410
4493
3952
2634
2179
645
4230
3427
448
1267
4898
2655
2967
2014
1599
311
2849
2398
2605
1
1020
318
4238
938
3768
4950
1116
3152
4956
2534
273
3732
3080
2756
2709
2560
4524
1981
94
4329
1805
390
1357
2878
2886
1774
63
4080
765
4736
1414
530
3899
915
2403
3487
82
4781
2748
2203
2987
2036
2116
612
1110
3263
2039
2962
3873
1581
3289
652
987
2031
453
2558
3774
3739
2529
1831
2614
401
4830
2862
4307
1509
384
84
2142
1853
1112
2403
1380
2798
1802
2048
4526
3096
3145
3363
1737
2311
1144
2928
2254
726
2690
371
3963
3443
1954
1682
3165
2904
4500
4218
1268
2515
513
1193
2260
2936
3733
1762
1445
4366
1081
1671
4372
586
196
1117
2754
1633
2106
2433
2681
4358
1139
3926
3343
3173
284
2599
1139
4947
1127
1765
2968
3374
4382
2610
4195
472
2337
2761
2449
3300
4595
4827
33
1789
3777
1806
