1858
191
2326
596
632
3023
1463
4451
3974
3481
4792
2213
3706
603
4444
4452
1721
1845
4699
1469
4304
3453
4623
1657
2019
4606
288
4365
1119
1858
4784
3204
4565
3607
3286
1884
3880
1038
3869
3116
3737
1216
1535
4201
796
2925
368
1328
1344
4205
3963
584
4731
2394
4930
1915
4344
4521
2569
4052
2961
4752
4642
3393
4248
4762
776
3936
3967
2596
3775
1555
4182
2517
2659
3296
195
2299
1032
4783
1886
3731
3086
4493
4137
2575
3354
2688
4899
2981
3450
402
4293
4988
1374
964
1710
878
3633
4383
3863
4708
3764
1739
2228
3330
1672
3418
3325
4953
517
3975
4017
3881
2561
4767
4004
796
783
3697
3680
181
193
1237
19
184
3528
1747
3694
3633
2627
1409
2028
4895
884
2928
4698
1350
3407
1721
2979
579
2714
2734
1002
1220
4455
4467
30
90
2084
2030
939
4038
963
1208
1117
1982
1636
1965
386
3971
1678
2599
1040
2266
3129
1534
1445
367
4213
974
2768
4418
4319
428
3998
3985
1293
947
2521
2166
1501
4744
2622
2612
968
4496
642
3313
3514
3720
4511
1690
4194
4365
837
586
2265
3603
2307
2387
1080
4764
2963
4785
2379
4719
1553
1210
4992
3565
4467
1140
620
103
4167
2578
3269
3394
2760
3641
4811
4154
2701
1724
4302
4611
4945
4167
1400
3288
4606
657
1790
228
2006
531
2822
3103
1579
2370
1946
3419
3703
1469
2369
2980
606
3972
2109
2103
1643
4986
4318
120
4072
1382
3921
2713
2267
3285
844
1687
16
2586
2592
708
320
2889
4713
2402
4343
2188
3249
1237
1437
828
4416
3182
2233
1620
3444
1269
3815
1758
1395
4749
4982
751
3485
865
4774
2995
2194
1327
4002
2828
3847
4828
3761
4448
3427
1077
3416
877
22
1465
1154
1557
3294
2135
1799
489
270
1169
908
3905
3131
2080
150
1842
785
3862
395
4362
4462
4970
3189
3605
194
3175
2876
2895
1050
1666
1613
4168
1001
2211
2847
2749
3646
3292
4547
2971
2248
3229
485
539
1354
1591
3635
2270
387
1737
1115
2655
2289
977
3430
3367
1592
3106
2365
1740
4988
4568
182
2412
1280
3937
4455
2339
2002
2040
1500
257
1362
2723
1230
2577
2483
306
2475
4907
2138
2956
2798
3241
1372
3520
3921
4410
4335
4540
2040
3209
3147
3938
1665
1184
3174
3910
1080
101
4021
1086
3035
2184
2684
2843
4570
2912
2727
1219
995
3898
2865
1655
4651
3294
275
3179
3038
3342
2998
3953
4482
490
2435
4002
4560
297
647
1391
4990
644
1526
2580
998
440
4155
735
893
1089
43
1573
3636
2234
3605
2240
4850
1350
2614
1309
4053
3779
4998
948
3329
3258
4385
792
2158
2708
1279
4322
573
1390
3072
2960
169
1268
1472
3513
1905
2738
854
2118
4267
3156
830
1447
3600
1410
1306
3246
1311
4561
4275
224
4013
2803
4179
4152
1982
3489
408
3393
2455
4714
3333
3261
2147
2279
2600
1438
1823
3011
3158
273
4607
3458
1306
4334
4964
2864
1390
3496
4779
1728
1393
4450
3397
1524
3800
4524
3090
3767
1809
4023
3884
142
1172
685
2017
3244
4922
2818
2963
582
1014
4216
2341
1250
3242
302
646
240
2106
2112
743
2063
1852
3366
50
4487
1213
928
3114
2321
3897
482
4529
4387
1168
1188
3479
4253
4921
2991
1919
1429
3478
4672
4209
584
1422
3021
381
3617
2018
2407
1680
2459
823
2547
4764
1613
4636
3005
2073
1476
929
3070
544
4799
1401
4403
2513
4391
2075
4147
2925
2687
2777
2720
1195
838
3899
4652
3712
2023
4938
1398
688
1603
3796
2637
4034
3156
2986
2483
1845
3083
2653
1090
1937
2512
1337
4927
3423
4847
4148
1069
4123
174
469
3100
4647
832
1056
3958
4350
1985
2613
2614
665
3141
108
934
4986
3132
2701
4640
444
4618
2409
2363
2634
3711
1966
3623
2697
3360
696
4163
2880
3297
1979
1601
2488
4135
150
2972
1268
520
607
275
3285
2339
636
2088
1217
4614
1353
3361
2400
2978
1568
2581
4224
279
4342
1890
4032
112
3495
2426
1691
4514
4844
2980
1185
2618
2132
2308
435
1755
1330
4119
363
1610
4144
857
4858
2310
4984
857
3565
512
4102
4409
3684
2701
2496
4213
938
2152
478
4249
2474
788
4197
3471
2866
4348
3448
1624
599
4648
94
4127
4142
4142
877
4267
2978
4457
2515
551
4724
2764
2499
2970
4452
3057
1743
855
2713
776
3758
2916
880
769
4666
2102
3958
220
3544
2018
4657
3120
323
2447
1429
638
3030
4456
4672
3848
2250
2567
41
4659
4440
2249
4529
3627
4963
1204
80
2622
1571
2858
627
1028
2868
4992
32
361
3478
3773
4377
3415
4337
2921
2596
545
3232
2759
4018
2952
2237
3761
3414
2799
1242
2240
3669
4062
1386
4885
4375
2652
2680
755
2917
126
519
3715
486
3449
4551
4479
803
1730
3625
2709
4150
861
4387
1109
400
4059
886
2328
403
4039
2562
1266
2829
1763
533
3356
955
4251
57
2288
2757
130
1533
3826
2187
93
297
4082
2010
574
4693
4635
45
2156
493
2098
1406
81
966
64
3991
2409
4973
1296
4660
2816
4302
1962
2864
398
3421
4559
636
3867
1170
725
4593
3513
987
4650
4762
449
219
891
1412
1640
538
1919
4671
2289
2970
3272
4106
4432
541
3583
4102
1331
4974
3023
176
2361
1700
970
2616
4111
2643
3986
4238
2142
1934
2008
3817
4221
4354
2111
220
4271
1514
2753
2636
109
2642
921
4135
4481
844
2708
686
4537
1086
3432
2074
4742
3747
4787
2324
3208
864
3793
4877
222
4615
660
2664
406
1148
3601
4332
4506
1326
1019
4766
331
4301
161
3286
2164
4016
746
3974
3428
4021
2985
2927
288
799
1447
1698
3752
931
4174
267
3799
2653
4329
2580
981
3507
453
