1003
3433
2209
4853
2305
2659
1902
388
617
1964
1363
4904
2629
2577
797
3488
2061
921
3804
190
2449
4339
2332
4748
4414
3018
4815
4644
4586
1053
1190
333
3587
3658
3547
3314
2544
1632
240
1719
4719
3211
2612
1745
4802
3761
319
3809
4181
4493
3272
4105
3845
27
4062
4579
885
3665
3869
1154
306
4186
4628
4207
2865
4483
3149
1634
1504
3448
3822
4866
315
2242
4757
809
4999
685
1742
2668
3301
318
2055
2095
2288
2519
997
164
2232
3153
1123
924
2344
2267
4331
3376
990
3944
4504
588
4042
2584
2278
1634
690
4553
1239
721
596
3683
1555
2984
4751
1621
2838
3728
3867
2350
1309
1772
369
833
4022
3675
3089
2681
4078
2730
576
4056
2566
8
297
3503
3930
4051
4556
3166
3428
4677
603
2700
3805
3610
4057
4814
1109
4007
668
566
1411
405
1934
1511
1816
423
4422
347
1493
1122
999
3333
834
669
4691
3358
4486
26
1234
388
4585
4794
1908
1803
1545
217
2689
3588
773
947
2513
2649
4444
2498
4846
2072
1653
1268
4527
4430
2849
3428
2638
1967
3627
103
536
4147
4642
1491
212
3636
2715
2015
3655
806
2511
808
2476
2093
4573
3911
1043
1073
1452
451
4843
1199
2341
4992
287
1674
1575
4704
3856
4076
4260
3395
4565
4517
4096
768
3825
3008
125
1312
58
824
3088
17
426
761
3632
1230
4072
1081
2912
941
4528
265
114
1311
4508
3854
3988
3632
3345
4407
1321
1137
2493
1719
1067
3936
36
4273
870
1854
3502
2065
4644
2643
4760
3594
2772
407
325
3026
3201
1164
3629
530
2967
350
3724
888
3328
2651
2378
1567
4000
4037
2487
2923
605
314
443
216
4407
4163
1610
17
1560
3483
2739
1827
1263
4178
1460
2547
3846
564
389
109
576
1883
2858
237
2735
2256
3062
925
4575
4778
819
4139
2484
2555
604
3196
664
2683
277
287
3222
693
2510
2488
4840
2485
777
2581
4550
1463
4900
2929
3859
3997
4770
2940
3426
4162
3275
3315
741
1778
2915
736
4873
4757
744
2389
1856
2812
4752
3467
1143
4624
3591
1765
1501
182
186
1672
3689
1347
4696
3038
1139
3046
2687
1588
3933
2489
1207
838
824
1973
2472
4160
655
732
3555
401
3506
598
3799
3100
4997
4438
3891
4220
4540
3165
2632
4388
4891
2796
3423
4707
3052
3310
1605
1097
1755
555
4033
1130
2526
2997
4021
362
2990
444
2370
2545
794
4382
3585
4449
3301
1623
2494
36
2904
2141
1416
32
4357
4987
2632
4083
959
3995
2986
457
4886
3552
1733
4265
2169
4387
4321
1077
3163
696
4150
2502
2349
2212
758
471
3209
539
2659
2435
2925
4399
855
3805
169
3688
4085
2557
4581
3691
909
1084
2755
1457
3952
4717
4224
4544
3860
1379
3006
3311
3452
229
4846
3444
2624
2708
2805
2652
813
199
4968
3891
3773
3967
1875
2973
723
4097
911
2323
2218
2146
2075
1510
2914
2473
2564
251
3016
4701
312
4419
4844
1020
2035
1017
3112
2204
1481
2584
2816
256
3109
1404
1915
818
4856
3422
2573
3555
313
1072
4636
903
1477
4260
2907
2993
2571
587
1962
4934
1729
2316
1296
382
3948
190
4636
4874
1774
1217
3059
1423
2572
3447
2631
4629
2854
4405
4693
1339
1157
1732
403
4797
3066
3539
198
128
1443
65
3008
2340
3484
1804
1022
2075
1466
230
4490
8
4245
4189
4917
1302
4943
839
944
1862
920
4597
1705
4286
2369
2355
1129
3943
4922
2628
3159
1675
2445
2444
3655
4223
2616
454
3674
120
4332
4355
3808
884
850
3879
4901
3103
4545
3055
4402
615
2373
1128
2930
1418
4385
884
3686
2011
1956
3117
3916
3275
2369
3040
16
1558
3629
347
3499
1265
451
3931
1251
2171
2583
362
1203
3411
4163
3820
3347
2157
4070
2837
4679
706
3198
955
3199
2865
1364
4228
4464
3758
3610
3004
3890
742
4705
704
1643
3873
4972
1085
317
1175
3069
4411
14
76
1988
2430
3699
3443
651
2062
4189
4495
564
938
235
2124
3237
2439
3456
4744
3638
1030
355
1807
1150
284
3910
4993
2658
4338
1069
4615
4968
971
327
4480
2451
1386
3232
4353
4321
767
2394
2462
3272
2601
1069
4382
4647
654
1936
3952
4600
3237
2796
2350
212
4856
1608
503
2801
1711
280
2993
1426
2441
1434
1582
521
4558
3804
996
4563
277
4054
3439
1093
482
3105
4429
1844
4089
4540
2634
2522
947
978
877
3734
882
1680
1108
3990
3063
1484
4895
720
4106
1434
2629
590
561
4512
2783
3597
2063
1451
411
2526
791
4240
4599
1453
4258
673
4159
4241
3645
878
2953
4900
2708
226
1955
3033
3743
3221
3384
2722
1481
2955
3619
957
1460
1849
3122
4072
1266
233
2076
2476
7
2646
1447
891
458
4531
1311
4572
1792
2867
4740
2214
603
3935
4793
3946
266
231
1286
1045
1448
4034
3584
171
994
2005
4333
1967
211
134
1840
2222
2098
806
4411
642
3406
3938
3160
1153
4009
3890
807
409
1413
1609
164
2096
707
4854
2458
3533
2235
4969
1875
4384
360
2219
1280
3973
2608
1613
2672
2855
4277
3000
1394
3256
4599
4993
2443
3827
4000
4173
4260
3426
2878
2503
4231
4100
761
3795
2317
1872
3602
4310
1712
1697
953
1971
4790
145
4241
792
443
151
3553
2634
2999
2613
1781
3280
4006
1290
4962
1072
594
830
1758
4168
4535
4218
3645
466
2051
2301
139
2102
2455
2607
2209
3164
3199
1728
3237
3413
2819
850
2581
75
4933
4965
3121
4044
29
1261
3441
4700
4892
1667
262
3812
143
2310
631
4790
3747
2956
4428
3036
4395
2109
3308
4498
4796
4024
3715
1933
3451
2542
2003
4239
3575
4169
4744
845
2573
4077
137
2368
266
1735
1483
