729
4350
3645
15
3143
1628
4196
1738
492
2560
2759
2184
2260
4870
1704
3600
1076
3631
4632
4441
295
3903
24
3304
4021
1737
2512
2828
4558
2141
568
4941
1998
3056
2743
936
2343
1968
3859
460
3255
657
740
3008
633
911
1672
372
696
2546
493
2131
3406
3800
4644
1622
4543
6
2687
2534
2198
4159
672
848
1107
285
2218
2995
2783
4403
4047
59
4601
1560
4431
3813
3108
1710
537
1479
2783
4752
3772
3487
1629
623
1224
599
2576
670
4012
4191
394
3794
4443
4093
1379
2434
474
1650
1103
2062
840
740
2850
1015
225
4219
3822
442
4198
1530
4325
968
4255
1576
1467
635
4909
2239
2637
4012
521
1218
1824
1069
963
1670
1333
3784
1854
2137
3234
3579
3154
46
2035
3606
1559
1245
562
1572
484
265
1387
4574
2809
2032
2434
4133
4577
2394
3734
4362
598
3120
4442
4988
1003
4120
4015
4694
4150
527
1727
4325
4189
2874
617
1769
810
4171
2237
567
2132
3088
2218
2557
676
316
3796
989
3294
4952
3577
3600
1193
4423
489
1945
1366
1906
3583
4178
4983
1056
1930
2728
3219
4585
4019
4159
3634
1376
33
4455
4231
2364
798
3696
3049
4150
2129
3734
3794
1001
2265
1735
1080
159
2882
952
3649
586
1681
295
3595
1959
937
3835
3766
742
1557
2165
1537
2664
3702
840
1234
4281
2931
2202
422
4549
4395
3655
1716
1277
29
1262
4873
433
3496
3420
3609
2927
4660
3602
2383
2443
479
1254
1517
1263
2697
1732
2284
3990
1693
826
3137
2849
477
926
4464
1201
2697
3551
4944
4565
1503
4414
857
417
3482
951
1064
2655
2165
384
79
1629
2143
2592
3299
3102
152
2002
50
1787
1563
2713
4952
3573
1183
2499
3282
696
3659
4856
1800
1463
389
310
376
4194
3112
1295
1121
1655
4662
1454
536
227
4862
1485
205
2817
2830
4830
3709
42
4588
1322
4381
1558
743
755
4887
2511
4808
4016
2448
4632
2025
2912
873
1673
3663
999
1141
2096
3338
1002
585
4525
3975
2746
4175
3968
1108
4533
4397
3992
2345
2721
4476
2652
4726
162
592
3487
3940
4010
3957
3741
1686
3455
4477
4497
2932
536
4934
4971
4277
2673
4460
2922
931
4157
3795
1685
4551
572
2182
4280
1387
2574
3243
4377
3952
344
3465
261
4525
1630
1627
2934
3430
888
815
2549
168
254
66
3522
716
733
1597
4118
1977
1947
2536
948
676
2281
1594
635
4376
1679
470
3040
2979
3315
2073
2460
3096
4117
2427
2413
1641
4628
280
2093
30
2081
4364
806
1739
2628
4164
1033
3873
4649
748
1121
3717
282
1361
2893
2095
3929
3829
4029
2097
2646
3613
1434
3252
1273
2359
1214
1836
4509
392
2927
2069
242
1908
4770
474
4593
3512
3751
2763
737
3247
1537
4351
3028
3819
4355
3830
1269
3865
4331
4413
1296
4846
2917
2970
564
2228
1434
13
3539
61
1966
4272
139
4103
1301
2959
2670
4912
383
2554
768
807
3014
2422
1168
3964
3857
3332
1300
3134
794
2557
276
4069
24
2891
495
4027
2182
1416
2849
2203
304
2056
4290
1322
2067
80
873
4358
2906
2062
582
2667
2861
386
3788
2982
4209
3613
576
2068
4276
2263
3116
3271
3390
1903
3143
1597
451
2667
2063
2482
2425
3490
626
602
1447
546
2527
4368
2809
1760
1845
1942
3725
1597
2602
4519
3358
3144
4809
1073
4695
2756
2388
3293
1674
781
4606
2195
1281
2252
4427
876
1780
4073
2974
1376
4210
3055
3737
490
2042
1299
3584
4498
235
1748
2265
1384
1046
618
3939
354
1146
2226
4025
3002
233
78
4334
1072
1000
2716
1503
1667
1017
1842
3710
3866
4709
3277
3117
601
2249
2035
1888
319
3404
3402
3995
1918
2998
2120
4699
2551
2479
4690
1718
783
1653
2033
156
4212
425
3450
3593
3071
1225
3734
2745
1516
656
3770
2944
974
2950
2061
2370
2584
2156
1092
3161
4201
2463
4442
1154
3590
1182
2688
2822
1461
2630
4140
3507
448
365
3248
1172
435
1692
793
708
3582
2417
81
2833
1443
295
643
4469
1227
2253
2195
1845
2433
4949
2270
2476
4289
1356
811
1822
3453
662
2402
488
4370
2453
1971
4233
1286
2221
1099
4784
3800
3797
295
4017
3427
3595
1614
623
116
189
2216
4501
2069
2472
106
947
3514
3073
4434
1452
3301
1601
1704
391
3045
4234
3102
2064
3293
4844
4383
3867
1322
783
432
823
161
2064
300
1817
4382
4458
2942
2136
4866
3012
1686
96
111
2742
2646
127
2536
2975
2552
533
4152
202
3244
1099
1052
2897
671
3403
1193
76
3133
4998
1698
2266
3819
1767
2630
1083
1496
2240
2488
2595
1977
4703
730
1626
1322
1824
1767
550
3771
1558
2625
4537
203
3972
1507
2417
1337
4466
2804
4293
372
3229
2136
4233
1652
1480
4087
3123
1115
3974
750
1177
4950
2163
2001
1458
2031
937
783
3881
146
4561
4880
2689
1092
1224
3243
1545
100
78
2342
4018
256
690
1748
2534
4563
639
2414
2041
3246
380
3757
119
7
4306
148
277
3166
2964
2735
1678
3148
2772
4635
3254
2199
999
2853
2279
1502
217
479
1602
1425
1321
2565
2298
2533
4298
2369
4772
3905
4433
2591
2296
4763
3712
2365
2739
1016
3015
3076
327
3962
1804
4179
3052
1597
433
4971
3832
4201
4681
908
1485
3241
4199
735
2299
2546
4235
1289
1085
2523
2869
4567
2247
4323
2259
4474
3108
4850
3921
2080
1433
879
4083
2492
525
2218
784
1758
1652
1132
855
1014
2361
3742
2161
2481
4907
4627
3265
2650
2792
1817
4002
2113
83
2234
2448
4480
162
4783
1367
1003
3737
2617
766
1003
2528
1512
2938
3212
925
4961
3384
472
599
4760
2126
649
503
2203
3174
2349
4269
