3580
3819
2093
1105
3777
4685
4776
764
1566
2356
3900
56
2766
722
1201
728
2981
2198
2273
4880
2588
19
3293
3327
3377
4810
2126
2192
4714
4391
1603
2798
2778
3861
4461
4106
4184
4637
4895
650
815
484
2191
2174
1566
2900
2689
4032
4390
1086
823
427
1742
1945
4166
1655
2901
346
2247
1571
2745
68
775
634
455
3358
4329
3643
2801
1573
3614
62
2308
1716
4517
2788
4131
737
2439
386
4999
3398
4417
2004
2580
3226
776
540
2974
1006
730
1717
4492
2815
2150
1836
4132
3129
1912
2879
637
4058
2533
1972
1990
931
1364
1348
3896
2367
679
4107
4504
3389
2292
2461
3737
2807
4623
2935
2140
3848
1994
2493
4689
3835
3691
976
239
1935
3804
2356
2592
46
1092
4216
832
1798
1322
1468
3822
4827
3264
2187
4415
3631
3206
242
300
456
1360
1467
1181
1884
1061
1776
943
2633
1313
2375
1430
4099
2803
756
2658
2314
3537
3176
2758
1894
1946
3301
3271
1085
2675
707
378
2525
3206
2385
699
4823
2423
3883
2666
4270
2285
1026
2858
2592
2219
2354
2009
1255
4703
232
3223
2603
3943
374
4245
342
1868
1337
4956
2349
3869
664
3590
1337
443
2751
2274
1517
4919
2280
819
1647
994
2433
4383
1626
4742
2478
3449
737
238
3770
1242
3900
1557
4603
4633
528
2065
3078
268
1225
1510
251
1199
1102
1413
456
4447
381
3653
3595
1640
3454
4760
3965
2368
750
2202
2550
2786
3701
4454
2016
385
4727
24
4977
1570
4796
4924
967
3624
1403
2267
2761
1113
1105
4649
1963
4147
2390
4266
2227
1634
2028
2451
4795
812
3302
710
4898
836
2436
1438
2400
3760
3430
3232
1836
977
4620
1418
4593
107
3595
1183
4636
3279
3696
701
4264
2111
3102
1149
4657
4411
2791
533
3552
3976
2167
83
2948
4527
3104
4338
4603
1980
282
3260
3914
3791
2622
4040
283
2318
1379
3889
71
1603
3104
4428
4015
3191
3931
3138
4731
4967
4451
2464
2994
3614
3285
1242
1023
323
201
2889
3545
3478
617
2386
4083
3304
4894
1682
535
2721
32
151
3220
4243
409
1526
334
4455
952
3780
4857
4166
1815
1214
1601
4383
2204
4400
1006
2492
3264
1284
989
567
4086
3832
4677
806
2671
3014
1949
2419
655
1298
2166
896
4000
2396
2910
3048
2206
3428
301
475
2840
4098
2987
2851
1357
466
1505
3376
4426
1852
4574
2137
842
3089
1801
295
733
4471
375
2795
158
3940
472
1890
963
418
1771
4836
1588
548
3025
1144
2191
3880
3029
1828
1134
2003
320
3455
4471
4557
2658
2684
4069
3895
2228
3267
2487
3701
4631
3139
2157
4429
1482
2354
2347
2817
3270
3845
3835
901
4963
2789
4123
2312
4438
1302
679
579
1207
412
2095
1090
4784
4619
1724
4221
1564
973
2546
2032
4011
4105
2178
156
4242
1437
4351
2781
4120
1694
1276
1522
4190
2900
3761
3741
2423
2817
2080
756
4512
347
4556
965
384
3465
1352
2895
4098
4398
3648
4306
1378
168
400
1075
2508
2626
2315
3505
2964
1719
1770
441
4893
1091
184
2474
1133
979
2893
4463
272
796
2124
1455
3481
1870
3641
3985
1574
4191
910
3945
3479
3770
1561
3540
4857
23
2483
2948
112
2191
2501
3950
3452
2709
3347
1562
86
2616
1241
1028
82
3917
8
1417
3111
4248
4654
3201
859
3776
2548
1176
67
1044
1840
1856
1418
4149
4420
1125
2457
1167
958
4685
2897
4743
3377
452
1978
2707
4350
3992
1400
4553
822
693
4727
762
3676
1835
1274
1391
4073
2133
4977
2350
4367
32
3650
3832
1870
535
4113
1932
3221
1171
4322
4113
2145
3300
2649
3873
80
3945
2491
3523
4015
4512
689
336
3841
2033
4596
3036
1749
828
2369
2509
2955
1006
1225
1108
2616
4625
4575
137
3158
2714
3979
515
3802
3733
146
2470
926
1789
3977
3250
448
670
4344
3461
1349
4717
2591
1749
3226
4439
2567
4219
3542
1364
4889
2835
3737
1664
746
2602
3377
4712
3424
1132
4761
2490
4763
1594
523
4315
3875
2079
2150
4272
3688
1201
3250
694
4376
1187
4028
4191
1628
3043
3419
798
2650
3009
4011
603
2010
968
2134
3788
171
1108
3725
1185
1011
3337
3209
4585
2059
4085
1714
1227
1052
524
2950
1397
728
4753
49
699
3011
3313
3796
1532
1455
1633
2824
777
1059
4705
4909
3807
4378
3533
502
150
205
1206
1171
1501
336
3477
2682
4676
2427
1511
162
2227
4093
3794
3337
2060
3934
443
4230
593
4461
1875
950
1063
4575
2698
4283
2092
1985
2328
2200
139
1063
4825
1995
2569
970
4156
2480
4011
1950
1214
446
1626
568
1462
1802
840
814
2325
3048
4161
2755
4077
3135
1256
2311
2163
3714
485
4481
1721
3778
1668
2784
360
4964
2919
4783
4763
1636
569
447
2758
4896
3549
2360
3759
3495
3980
4570
4222
343
2342
4889
4035
3245
3489
61
3326
1420
2155
2802
3258
3258
1663
2638
1149
1624
4141
2761
3433
4741
1383
3456
3172
22
2519
3553
886
1767
3433
4375
3502
2535
1020
3176
229
464
1542
1770
1564
4865
4385
2733
2228
4608
1287
526
1284
1811
4315
1784
3961
4787
4322
1830
3945
222
4687
534
2843
507
4735
526
2985
2559
2733
4864
1152
2121
1003
2127
4260
2459
1783
160
2982
225
3326
4358
2031
2783
2802
4178
4311
4435
2108
3689
2111
4094
4949
2879
1632
1796
3102
3835
4313
4951
1726
1002
3086
3096
209
298
4252
4048
192
4484
4060
241
1729
1197
2682
4417
4559
2429
1909
4334
4641
378
3429
1462
1820
4886
4162
3163
3501
4448
3623
3807
260
2331
1140
4800
3944
4006
197
4711
3921
4723
256
4755
916
4018
4614
2453
749
4434
4478
882
2065
392
1422
4243
2972
1087
