4883
2652
550
4605
4288
4652
1606
3179
3236
3530
2103
3091
3660
2706
3968
3336
65
3977
2776
819
2058
670
3366
4179
1950
3155
949
4233
1051
3139
1912
3469
985
157
1360
3388
3708
3363
1757
3987
1295
2676
3970
1914
3342
4935
1712
664
1960
2071
3219
3128
2750
1069
2191
872
3563
2465
3648
2456
1616
1121
1151
1538
4576
2336
1750
382
1812
4915
1931
3583
237
4703
421
4625
4682
1368
2925
4425
2484
2650
3097
3471
1729
3477
4681
1437
1512
1972
988
3246
4829
3759
727
420
550
246
3042
1828
2295
1063
416
2986
563
4370
4154
1702
1651
4090
874
3490
751
1303
2312
4560
2559
4394
3226
1930
3713
696
3943
500
2478
1969
3575
200
1282
4524
3271
2146
1148
434
3776
524
1807
4900
2996
2321
2690
1701
3362
2270
2540
2901
3244
3837
166
4898
236
1407
877
1914
3525
1288
3843
1302
5
1150
691
2695
3635
4439
3406
2743
639
4009
3240
1621
1622
1888
4987
3545
1105
3226
3981
2024
424
1653
1659
4735
3259
2583
1839
536
2481
69
3642
3879
3369
2192
453
2097
4740
3196
1390
875
2732
3138
2616
4217
1489
2402
1676
1604
744
786
4770
658
3667
455
359
4510
1859
4509
2756
2472
4791
2362
4022
4850
3960
4708
3251
198
4396
1339
1186
194
2858
1776
353
211
2954
865
1871
2459
1664
2617
1764
3502
1921
2132
3619
1547
620
2832
2853
4855
4189
4915
4175
4088
4317
32
4483
935
1064
1037
4258
3420
4833
2082
2262
4568
2088
754
1043
1637
176
2829
2566
1188
2418
2593
3030
432
4685
3563
1666
3468
4376
4708
837
2334
4883
4635
3592
3194
4610
3120
903
3823
1969
4367
1725
2256
1635
2831
2687
2052
2683
3085
4300
994
4137
1199
2074
3142
2572
506
3786
4894
3289
3465
4840
578
3431
3868
2796
1646
2943
1916
281
631
31
2687
194
3265
3286
1221
2078
3706
1538
1835
1507
1395
2123
512
1906
3196
1471
2641
1411
3451
1230
83
4481
3510
4498
1540
4631
4656
261
4928
1785
1238
1127
4033
848
3260
84
1592
3470
689
673
2107
1243
2533
3840
4967
4613
4200
67
2065
4599
3427
187
1269
685
1524
3325
4287
2728
4806
3562
3229
4584
1223
447
1760
2765
4570
2206
2323
3547
1794
4519
4864
4942
2577
2079
683
3357
4828
2447
4805
2511
3246
4622
973
1197
4560
1135
1842
3939
1483
2625
2798
2899
3302
885
2664
3942
2130
1744
380
4439
968
3207
3597
3726
3988
3329
56
3510
3253
3437
4733
826
4297
1399
2717
21
379
3146
1374
3284
3551
2266
3626
1626
3847
254
3497
3770
3929
514
892
943
3940
1612
3526
4545
113
1463
3242
3497
1071
1783
4773
2894
806
147
3976
1282
3997
4300
2154
4953
4596
2531
1191
1098
1065
1085
1956
144
1471
3280
581
4172
2322
2819
1099
1961
4268
1233
4007
1361
2915
4914
2471
2972
3606
2408
3089
4046
4226
1322
897
776
3337
3550
1164
2878
1185
3573
2188
4818
4311
1723
3700
4214
2164
2026
4874
3813
2945
2828
464
2372
315
2379
873
105
4995
2370
2038
1754
1716
3449
2209
4864
3293
967
1498
3401
2181
1061
4594
578
4812
1079
775
1073
2006
4174
4689
3941
3137
772
1197
3246
2246
1701
4834
3150
1833
3754
3147
4473
1123
4423
4425
1771
4489
239
3280
902
2756
1623
298
900
4453
4810
119
2133
3629
867
1969
3856
4648
4547
802
2062
1772
1997
3857
4039
1589
2733
2737
2302
2467
2160
2856
3698
4793
3591
1640
215
101
1429
3381
2086
1482
2052
974
2748
2738
150
3636
407
2214
2261
113
332
4433
4579
4034
4080
4691
1511
3975
4256
467
2948
3088
1198
2768
2530
3698
2363
4558
498
3489
2281
4166
3472
3507
366
1668
1942
2245
694
1130
2861
3188
2610
1186
4319
1915
2275
2564
3997
2984
4358
1659
2686
1871
1932
2792
1062
3444
974
611
1987
4383
3087
1935
2751
3058
4343
4077
2514
1829
3440
3236
1366
87
1985
4193
4830
2926
1130
1526
2728
1386
4757
3807
1289
2748
153
1468
2655
2490
2599
1097
4481
1245
2371
4715
2211
4857
615
3603
1181
4023
4319
1070
4686
1264
4691
4184
593
4883
2655
1835
3885
415
332
1916
3564
4059
77
3251
358
3072
4124
4009
3997
4636
1505
2170
3592
1524
873
3306
111
635
100
1826
4823
1851
1911
533
4738
3885
4075
1340
4807
2340
2449
265
95
1057
4899
1552
3121
1193
2712
3085
1577
4831
4411
1107
4795
1737
1726
2751
3742
2524
2252
2602
1699
525
3983
3594
2972
40
3289
4466
395
2007
3017
529
3999
1337
67
2757
1528
4620
1608
4899
792
1027
3794
1049
2219
4038
4470
2476
1682
2489
780
4455
2434
1396
421
1673
4230
3795
2493
1238
4227
2726
4365
1250
989
1217
1189
945
2806
2410
4441
245
794
2086
960
3617
3445
4143
1260
4948
3768
3255
3035
4877
681
2584
1212
95
957
3625
3544
172
1569
2490
1783
4125
1373
3383
3330
689
930
1910
4178
4258
3416
45
1154
450
3839
2533
1144
618
1015
554
2348
2470
3527
4393
4402
3491
3335
2625
4580
2380
771
450
2183
4141
4586
1988
462
1038
3809
2017
1666
3149
1
4048
2442
4370
822
1153
1540
266
48
1874
4928
4446
1379
1150
2639
4398
3622
4972
3581
1147
1292
3252
578
966
4072
854
647
3130
3494
3000
1225
525
1063
1834
2190
21
2105
3391
1911
1245
4770
1759
1111
2234
1908
2277
438
2591
1017
3982
2465
2504
1038
3518
3592
4732
532
585
3905
531
22
1141
231
430
1387
1575
1904
1492
1874
246
2382
2507
452
3308
1836
4848
4452
892
62
3666
2723
4593
2023
1822
4404
170
2333
2434
375
649
2895
3901
4944
430
1868
4555
891
1895
