2342
2179
4244
4025
1762
3351
3550
3645
3909
3930
366
1354
1128
4109
4940
882
2852
1544
163
556
2115
3437
1171
4525
1766
79
2761
4449
948
1028
4777
1879
1671
3874
3063
2122
3390
245
3952
2885
4082
1587
2608
226
2904
3340
1128
1670
3970
1272
3080
2239
1969
1842
3125
2911
2808
831
4103
1281
3338
4728
3563
4586
3507
1364
2262
2773
4267
3512
4042
2280
4426
4552
4812
2486
4555
1286
3614
1084
3821
1689
157
3703
2282
1107
4760
3909
387
10
2938
3576
4826
1139
600
3250
2866
3349
4387
2072
4194
1915
328
3779
3147
3056
2441
4325
2780
3387
3566
4891
1138
2001
2535
3845
2337
3899
1269
1106
4563
1774
909
1294
3634
1836
1807
4112
2962
512
1100
1670
4567
4342
4077
4928
1885
274
2442
2204
2650
4996
3864
1398
3245
3931
1864
3573
1386
4462
2993
1870
4729
1408
4545
4386
3574
222
3259
3135
1289
1216
1263
1609
696
2983
576
1684
286
1320
4236
469
57
710
4542
25
580
1855
1756
1160
1265
1778
3008
4123
1004
1817
1858
1909
1465
392
661
4575
53
1873
1977
1197
665
3107
3000
2285
1210
3259
4919
2624
793
2812
3905
1987
4529
3317
4283
1922
2482
3347
2615
4124
778
4809
949
4604
4853
4255
1587
4644
2042
1323
1042
194
2375
2432
1215
3905
2248
1487
4705
4289
999
609
2929
4426
2667
369
1359
65
3926
4006
1300
3585
399
480
2075
1900
943
64
1064
4508
2233
3214
4741
2557
1677
42
816
1276
4722
2280
453
255
4734
3144
2267
1695
1309
3218
4970
1895
516
34
3294
1014
3036
2120
3021
2625
869
287
3510
198
2711
2859
3438
1060
4889
4111
2846
3395
2115
1060
4521
1141
970
224
4323
3184
3410
4980
498
4854
91
4652
1357
4868
1960
1008
1622
606
4021
1243
855
4043
966
2976
4145
3620
1611
4111
298
534
895
4648
2899
4682
1675
1649
4442
3419
1888
279
1778
3309
3323
4154
4767
1675
253
4580
3813
2088
215
3217
4114
797
3069
2869
3185
1904
459
3793
2002
789
2902
1921
4049
2627
515
625
4483
2300
4534
1044
1396
1075
805
3815
2288
4527
1023
2080
832
3005
4221
232
2642
4667
2291
2285
4827
2583
4768
709
1491
4468
2955
2238
1695
3592
626
3229
4567
3468
959
4777
204
4079
4720
2459
4997
1165
1211
1438
1707
374
3013
2396
628
2042
4356
4899
4933
458
3592
2809
554
3507
2985
3710
3954
1972
354
2857
4722
4433
851
3409
4947
4394
593
2067
758
2536
4737
798
605
421
1028
3507
2192
2461
404
1059
346
4079
4625
177
4678
1539
2267
1523
3040
214
429
4100
3590
4351
2786
1600
4836
4618
4073
3353
4279
3942
3106
3582
2545
289
4949
294
1337
4482
1114
2711
3005
3286
3508
24
4740
446
1105
2109
1335
333
3286
297
4925
3043
3651
4316
2101
2739
1025
3171
4043
2370
3131
2498
3912
933
3338
2605
3424
4700
1814
2517
1453
4015
4789
3829
1406
4944
4785
2592
1923
4769
2611
4863
2526
2125
2332
3999
3019
3740
2042
3814
1070
2141
4668
4136
4844
791
1272
2910
3275
1665
1888
3492
3753
2436
3806
1870
2684
2868
4138
3655
3055
748
2620
719
2390
322
1728
1647
96
162
2186
2038
4718
4872
4775
2655
1549
4189
3173
1954
836
2994
2696
2213
4152
1977
968
492
406
1587
2466
3789
1132
4342
1668
3784
3095
3758
3299
3500
3379
933
2110
4169
3679
910
3072
4839
925
2827
1768
774
2647
1263
4447
3440
803
277
4607
4021
2716
857
3312
4305
3958
447
1776
695
1879
3893
1032
2240
4105
1973
2096
946
690
377
2263
2504
398
4911
3443
3263
2573
2031
3112
3243
3648
3428
2680
340
2557
3051
2149
2872
304
3366
2368
255
4721
2983
3298
3372
4723
15
2940
484
1978
3613
3074
1547
1286
3901
2423
3105
765
4747
2636
918
699
1355
3217
1172
2731
4871
4431
410
2334
1463
448
4057
4528
3208
3722
3864
1043
4497
2102
4577
804
4274
4758
234
426
3118
1641
3301
507
3217
2468
499
1888
223
1996
720
112
4614
3824
2571
4672
2396
851
4569
1043
1452
2741
2815
1410
4255
223
1487
3299
4825
4067
3359
1976
691
3409
1404
2953
2538
4843
1944
1207
4306
1576
4628
3071
629
1463
4298
4098
4057
1534
4176
1851
1597
1095
140
4081
1640
4017
4215
4783
4327
3915
942
2164
696
2902
1816
1179
2314
3153
290
2003
18
3300
3114
4546
301
1831
652
4704
3138
291
4899
1745
2588
1829
4172
4344
4441
883
230
2193
2920
4849
2286
1266
4868
2712
2096
1721
2062
4148
287
4654
4911
4676
1089
2477
2194
1699
4686
2741
4168
4532
1390
1118
1963
2350
3953
1765
324
739
89
1646
4016
4440
2317
1242
3452
4676
476
4686
3165
3367
3659
4779
1841
2824
4248
3526
1570
3550
2940
2288
470
1714
4919
2859
4886
2986
4538
3899
661
2113
4592
1677
3574
4881
4887
3653
62
2438
2582
2783
4342
822
4031
3863
3156
4230
274
2476
2785
412
4357
3391
19
2394
3442
2976
1640
2596
72
4930
3993
3813
2176
1264
3069
1795
495
540
4499
2401
358
4080
2767
3087
1870
2274
2904
2740
1807
993
2625
4103
591
1059
2872
2922
2425
578
1104
3406
3655
3287
2668
4077
3142
3838
1413
4147
2896
4902
3860
3590
2921
336
2777
180
4826
1757
4008
3367
2792
1581
3361
2340
3794
145
4833
1304
2235
4022
3231
872
4644
767
734
1161
3586
1129
4945
2924
1981
944
1582
1678
1135
2454
1342
3837
2817
4736
1470
2054
289
337
3328
2933
3527
3815
2961
1378
2307
3989
4138
1743
1201
4152
664
2362
4418
2306
1755
2089
4050
2220
2130
1236
320
4389
2505
2681
3132
4829
4400
4514
1601
4238
379
