2671
517
751
1949
3962
4410
4253
3103
221
2375
2596
3193
3365
2831
2764
4389
1100
797
1094
162
2735
1138
1061
898
495
4383
246
2084
2888
2458
2960
3658
4085
1702
4605
1277
914
1260
4913
4895
4284
629
1888
1741
3030
1137
98
60
730
4258
754
2527
4764
3837
1878
3231
3316
4519
1650
1519
985
3430
2617
4165
4009
4490
223
3944
4191
2845
372
1365
3546
1078
2351
2002
1372
3269
689
4177
1472
4910
1946
1226
3637
1819
3634
910
729
3240
4929
3813
336
1180
2572
628
213
2544
1244
4395
2909
4158
4436
1907
4103
1607
1319
196
3658
1755
4058
724
3545
40
4047
1476
2464
2014
1538
685
572
3058
2211
4904
574
3054
2144
1048
2255
2589
2024
4543
773
1564
3708
1045
3673
787
4558
662
3057
3458
3558
3840
4828
3079
4420
3260
1814
2796
2128
3559
4327
4866
3040
90
959
2006
2291
4510
697
756
2002
2580
855
4489
1266
3810
1317
3709
2784
466
2282
4416
4040
4148
3457
2481
3308
3534
1257
1353
4012
655
580
4139
1520
3574
384
2984
3537
2493
836
1790
3841
4829
4067
338
1146
4452
432
2115
4140
1027
1654
3620
3721
1830
4248
3162
2073
4047
4129
2049
3309
2498
862
3022
1318
3498
1543
1551
618
2899
935
4362
1796
926
1172
2049
3048
4336
655
2030
522
3483
3532
4000
4248
2426
1357
3266
2446
3758
4036
1861
4268
274
623
1391
2368
2067
423
536
630
418
3773
1975
4351
3290
138
3993
236
132
3749
3444
2395
2663
4610
3932
2749
738
927
3461
2419
3068
4784
220
364
981
3169
2332
3300
2357
3989
4560
175
3082
190
194
921
513
2021
862
3296
3743
4890
3274
4523
1052
1170
1711
4442
3129
1753
1813
3735
2212
1990
444
3430
1203
1081
956
1552
4606
4767
196
4611
3466
4924
610
3848
2380
4526
3371
126
760
3882
598
3773
2190
4179
1504
2087
2244
216
2876
382
3574
3088
2578
3426
2322
3391
168
3996
2870
1275
2124
4580
1833
4238
2226
4972
4380
498
2487
3478
1287
3355
2808
344
2012
801
1189
4033
4603
4248
3473
4961
1333
2156
842
4697
1170
2033
3158
301
3372
487
4898
1200
4493
4948
2465
4232
1207
2553
3444
2645
4246
957
943
4465
162
2280
1627
4647
2678
507
2477
4524
3089
2588
260
4776
4082
1204
1354
854
2720
1882
4681
897
2804
4226
111
4258
738
451
909
4434
1621
2890
2431
2885
915
3007
3895
2587
3182
920
3118
3151
3262
645
4078
4936
1254
1586
4252
1004
4040
2316
1208
1288
3657
4477
4326
2202
4262
4114
3164
4587
3987
260
3615
576
41
871
374
3491
1380
4402
3655
22
2602
3410
3190
529
1722
3743
1761
3251
3265
2166
4153
3516
1323
196
3896
4229
721
3686
4653
1397
2501
3716
2284
3806
2075
1538
3153
627
1335
3618
2318
4266
4453
1824
3368
3023
2789
2524
1022
3807
3308
3917
1567
523
522
1477
4234
2472
3269
1504
1062
1675
3232
249
420
2082
50
2274
3027
3393
780
2344
3705
204
2322
1127
1289
2885
2189
698
646
856
4601
770
3061
298
310
70
1376
633
3005
2600
3167
2231
2856
278
1011
4629
3128
3646
3376
1468
936
895
2882
857
3499
2036
4691
1735
2289
190
815
4377
1459
31
4273
392
1595
539
2238
2694
3908
3581
4584
2189
2254
181
3744
588
2149
1091
136
3923
771
4394
1472
3382
1705
633
837
2430
3806
1728
2495
2229
2529
3910
1547
475
1226
3403
979
1270
1360
2848
4987
2271
3262
4930
2670
1740
4231
2318
50
72
1394
4219
3886
4788
4018
3725
4340
2525
4154
165
1970
3589
4653
900
4943
3262
3658
4103
4317
900
2748
3497
4953
1316
3370
511
2216
3524
1110
4268
4075
3743
693
3908
926
2244
2444
2298
2113
1666
780
666
1622
1423
1235
1823
2723
2857
1047
3596
3619
1286
1914
1924
3189
4252
441
3436
829
3253
1089
4969
1175
1665
2665
4933
3038
1978
2807
3668
4395
1568
3111
4864
742
1178
1008
17
3334
3388
3574
1306
3688
971
2671
1889
2419
2535
2529
1995
4376
1879
3335
99
3433
1207
4658
1690
574
724
3175
420
1082
1506
1556
176
3607
3298
4005
3781
482
1346
2984
3700
3230
4096
904
4653
564
4020
422
3630
3216
1193
413
2178
3924
1062
1347
643
3633
1816
1878
2481
4162
1274
4410
3190
3253
3395
3007
847
530
1406
3600
3508
1463
4562
2753
2253
1596
1598
4603
3868
3410
4570
2272
185
2003
3103
3017
2367
1120
915
3217
3198
4571
217
3087
778
1436
4202
996
1296
4892
3534
2314
4305
900
485
4502
3918
527
4842
3948
4771
4862
4718
1831
907
1359
1433
479
3044
271
764
4265
4450
1474
2890
4271
2939
3690
3157
3828
98
1040
475
2819
2613
3968
4321
2953
1490
4839
4502
287
3015
4819
4095
4656
709
2180
3797
2534
3897
482
3479
465
4549
3157
4128
1696
1033
4203
1491
1994
441
3486
2291
2160
873
314
2251
3970
2911
603
996
1665
4834
4798
2212
4380
911
3769
2630
3470
3547
3046
291
3504
88
1709
4095
2036
2023
2089
520
1709
4084
40
2493
299
4364
1396
3494
3054
2908
988
3591
3554
3560
1449
1961
3225
3432
289
238
3395
4783
2684
1098
3300
4051
777
1568
2435
3932
1454
4727
551
4849
2912
1815
475
856
3510
3695
4879
1804
613
3317
1104
3461
4027
1498
4154
3095
4913
1176
3260
3558
54
4415
2214
3958
2785
3639
4950
4503
3403
4027
4929
1645
3309
3168
1831
1274
4766
2366
1026
4711
2513
427
1951
2163
90
4499
4917
427
3137
350
1056
1915
916
65
3044
4523
2722
1424
1149
4102
851
1208
3817
3767
525
2694
764
4107
3777
2983
3182
3723
4030
993
707
