583
103
4164
427
4624
1
4812
3630
531
2746
1128
883
950
3914
2390
2575
1908
4653
762
1502
3785
1266
3042
2544
726
4767
541
3877
4185
2905
3572
3283
4434
621
349
3085
4052
3686
2230
4241
2521
3312
1126
3620
2314
3073
3297
514
1736
76
1508
1979
2768
1119
4075
2427
4903
2001
1136
180
110
1841
1402
4785
4765
1122
563
2092
2776
2958
569
3337
4180
1615
2009
473
1962
421
251
2167
647
2313
811
1813
2327
3578
45
3861
3405
103
1113
2107
2769
4098
249
603
1294
4925
555
3819
2935
4334
2140
4699
4578
714
3666
4968
3692
3954
2956
2451
1857
3994
235
1472
3172
3720
1423
1619
3551
4233
4033
1344
3671
4499
4975
2135
4510
2982
3066
956
2349
864
3856
410
4673
4751
1467
2756
3585
1923
2792
2400
1278
3463
2006
4090
3216
4494
1996
1566
853
4712
3410
131
2341
3989
1442
882
2188
2093
3804
4866
3070
1631
1223
4228
3525
4542
2296
3859
4846
2738
2537
4489
769
1075
3603
2883
1505
3484
4115
2256
385
410
225
1220
1061
1876
2002
1650
1657
2069
2505
3632
1032
3361
4634
1761
1447
1081
2515
1832
3564
3216
992
3254
4528
3858
2047
4242
1899
2175
2777
3230
3921
4242
4776
962
1081
233
940
2484
3239
4622
2658
2257
1031
4446
1569
1456
4194
4728
4425
3092
1622
2367
1577
428
1733
496
1496
1666
2463
3155
2738
796
1128
1617
2754
2129
4899
226
2524
429
1506
1065
690
2409
3050
1362
1862
4153
2845
521
2932
3636
970
2009
1745
4574
1964
1470
4120
2674
3638
154
1119
3473
3824
2037
3963
2807
4766
1699
1254
3022
2126
660
3774
1504
140
1963
908
4925
3378
979
2195
3169
4006
2803
3007
4403
3542
2946
1525
4026
1327
2363
3753
4849
3217
3175
1505
2427
2052
1802
1577
4226
1943
4378
3452
4477
3991
156
340
4590
746
1762
3120
519
2740
2847
2134
3586
2673
4071
3412
897
626
4508
1293
1782
293
1631
3824
1955
4853
2673
802
2142
1568
1088
4984
1079
2897
2555
664
4858
451
249
3109
3596
1779
3102
4100
1963
1591
958
3498
4204
2373
3623
3787
261
2905
4527
4461
4832
906
4280
1187
4723
4515
1668
4744
520
1154
231
1344
1656
3581
3199
3089
4726
4116
2587
939
1010
2418
4035
3491
2736
3682
697
832
1300
4401
2714
4726
1271
593
1095
2662
4288
3164
4325
4406
3083
4409
2207
2211
1591
470
923
2587
3320
732
2698
2377
3190
1597
3929
2225
3976
346
3150
2107
990
3108
4206
4138
2495
1473
2739
3699
1165
4114
1182
3435
2909
4563
1393
4114
1558
662
3479
3185
4137
1843
66
2183
2794
1217
3473
3869
3801
3030
1530
1684
1637
1656
1038
4417
3865
3625
2627
2923
4515
2208
4432
3608
1488
4165
3835
2903
194
2895
4494
1139
113
2085
3556
1934
3957
2293
3725
2651
3810
477
3065
3009
29
3177
1813
4536
713
1726
4757
1481
2443
4865
4969
2237
4843
2306
2471
3132
3426
1130
2184
127
1322
1458
1145
3296
3022
733
3488
3132
3137
306
1746
4660
3115
3018
1192
1613
1431
4820
344
86
615
671
1826
4738
3133
483
3951
4975
3525
1940
2112
3153
615
3568
4548
3665
4302
1660
4128
3181
816
2287
4691
1232
1819
4211
2322
437
4937
4627
3050
4199
3774
2488
2515
2873
385
2786
2505
636
2446
4133
4007
380
2011
3229
1985
3995
2343
4902
1877
837
3046
3333
1015
1195
750
1487
1177
3439
4296
138
4144
4157
3112
4668
2844
4577
1979
472
190
3116
544
4828
3957
727
4905
3114
2077
3025
4507
3137
2351
312
4904
747
3502
4567
3573
4635
3063
2578
1748
1617
1895
4193
4735
3597
3276
1886
2680
4905
547
2331
4298
721
4593
2790
987
4698
1292
4674
4066
1037
4178
1495
1511
336
4453
4858
4409
3903
650
3064
3069
1421
3489
1691
1647
405
2129
418
4299
3730
1381
1671
209
3225
4557
1433
2416
2901
3281
3076
3751
1019
854
1416
1723
2124
3146
598
4608
1246
711
4612
3520
208
4650
4296
122
190
1189
373
4635
1133
3854
2372
3859
3606
3561
3339
279
3672
1511
1931
3925
4643
3274
3120
2589
430
179
2676
4567
1039
512
482
3339
4012
2237
4896
3132
1557
338
2015
1666
60
3450
1254
2270
4517
4407
3848
706
4894
3731
213
2193
2931
2669
1203
2211
3658
3145
4818
4981
597
999
4306
477
1506
4312
1792
2313
1581
287
3698
128
898
3337
25
4028
4277
4795
2129
1224
1009
3778
3045
3650
934
4313
3452
533
1978
4470
2038
1897
3121
2170
2391
2437
2639
4213
3834
3789
3729
1599
3596
1381
2934
2429
2779
3502
165
439
4437
2083
746
114
250
2877
65
4891
4054
3549
4033
4200
2901
3298
4623
2500
240
2837
1115
4228
2280
4924
38
2647
2664
1492
890
1699
442
4893
2198
433
1748
1417
296
4124
3061
3696
2814
3742
512
452
1614
613
3364
3316
263
4726
959
2260
4078
31
3385
2926
2053
2473
2082
1740
3339
4791
202
1786
2115
1555
2208
3434
4517
1501
2878
3814
3714
890
4284
2079
4719
2995
3039
3845
3991
1886
4897
2908
851
38
2074
867
3055
79
3967
4593
3726
638
2471
541
1297
4692
2488
3590
3706
2087
1985
3540
2281
2436
4725
4431
4802
1887
688
284
3615
4782
2442
750
886
1872
2786
614
34
1851
3362
1216
245
1089
1123
4975
4749
3724
2361
2776
706
308
2275
1686
1073
3162
23
1527
4621
1076
2305
1689
4153
1308
2778
4855
301
623
4418
2536
1468
1435
1385
3039
3114
1522
3241
4743
3834
4876
2825
3796
3691
2356
4780
1026
2186
2833
1464
3504
856
822
4877
3412
2904
2888
278
3999
4066
4852
1049
382
2711
2162
541
812
1589
4802
328
880
