619
2960
2307
4221
4137
4973
1435
1141
3327
3979
1593
211
2618
4844
2002
3942
2991
4378
1196
1126
1305
4414
4265
2363
634
4490
3267
3610
4212
3235
4716
3487
1077
1368
4118
2713
3573
2131
3982
3381
1652
3800
1552
1973
417
3001
2664
3244
75
550
389
4027
1681
323
586
4455
3071
896
498
3859
3690
1836
4596
4369
3588
1531
1550
4940
4841
573
3672
3290
3517
4001
3795
525
4035
258
1027
4425
4200
566
4788
2080
3948
3506
2859
2677
2041
3879
3165
1105
2664
26
868
4007
4235
3030
1946
2380
262
856
366
1788
3761
546
2806
2105
4823
3622
1455
4668
1007
618
2357
406
4964
2429
2566
2622
4152
1550
1055
3437
2273
676
4316
3917
168
769
3141
1284
404
1508
3506
509
4629
304
5
2450
4127
1100
2242
3242
4681
2014
1768
4592
4307
1187
1737
2879
2376
1950
3415
2543
2057
2804
18
70
3569
4968
1012
2702
2867
4582
4911
562
2584
4388
4401
3506
2983
272
2491
1889
4019
452
169
3865
415
1893
4695
3327
3987
3098
2561
291
1266
3081
1250
492
835
4929
1169
1860
4370
4579
3537
1316
4242
102
2575
2970
1550
2584
264
2359
4109
4503
3438
2265
1363
3458
1032
4795
2018
1305
896
1421
4779
1990
341
498
1308
4192
2416
3885
4126
4423
4922
2423
4493
3971
1476
1502
4100
2781
1860
2114
2974
1360
4735
2733
4061
1491
4464
1057
2911
4281
4083
1723
3519
1428
3044
3718
448
293
1948
877
4860
3219
1192
366
2945
27
710
4103
750
3213
787
859
1583
4868
1527
3781
4812
3739
2324
1760
2342
4172
2003
2518
1474
4112
4240
916
2027
4622
372
4757
3003
1953
4011
1663
2852
1086
447
4628
4921
4074
4036
1677
1857
2083
4391
1479
3886
1393
528
1578
1531
1132
2831
125
449
3290
241
257
3750
809
551
2169
4143
3538
2885
4175
1639
4065
1223
4173
3229
1075
4612
3510
2210
3502
4001
497
909
3028
2166
4186
4470
3803
2847
2391
1983
4027
2144
702
4802
3148
3394
2056
1469
535
611
3652
1573
1126
4387
614
352
3676
348
1047
3340
3703
2543
2684
3545
3152
4491
183
2540
1292
4835
4434
4896
888
1660
910
4352
2446
1913
653
1687
147
4593
2807
1795
4376
3717
2908
4428
1915
3159
2567
3804
3919
2896
3220
3877
2146
4347
1949
555
2208
175
1062
893
4784
3127
2533
2198
3372
921
4523
1820
1994
1555
486
357
4113
2512
4925
1024
294
772
3520
4222
3944
2611
988
1530
684
2157
337
196
760
2241
807
557
577
4605
4464
3072
3703
1353
4798
4244
2263
401
2005
725
3059
1765
2265
2097
3208
3060
3483
628
3748
579
2991
469
3585
4146
4537
1201
1494
1759
3699
1319
2071
3250
4357
3838
3737
2191
1062
2476
1785
187
931
4507
1238
2485
1056
3600
590
4002
4039
2968
520
4592
1625
2479
2504
1760
1079
4348
2125
4110
40
3183
2375
4973
4245
3744
558
830
638
3563
2892
1228
1159
575
4730
2041
167
3286
196
3606
2074
1896
2702
4508
1563
1969
1420
270
1052
1716
3681
1848
3728
4773
2296
454
2694
3070
307
3803
3913
3752
1096
2308
119
1356
128
3735
3548
2736
1722
3990
1730
925
4032
2058
1613
1226
1599
1233
2287
1849
4791
409
3091
43
204
1050
4800
3199
2841
3349
3668
2259
3991
2694
4191
2350
51
4563
1033
1052
3093
34
806
384
3376
304
1557
3432
2409
4820
626
831
4393
909
3137
3581
2051
1480
1177
3215
51
2193
2734
4319
1016
3698
2068
1091
866
4406
2169
1316
4555
4579
2291
1862
4339
4939
4998
3679
4590
4142
3803
4377
4460
3439
4466
2187
4165
1811
3269
2600
3581
2379
4428
2918
2622
3717
4493
1604
4064
4492
2708
3109
4028
1434
3147
825
1917
153
3883
3395
4958
1382
157
781
2949
3103
3187
4730
4947
4197
2082
3903
4702
2734
874
1623
2432
678
4912
4028
2034
2701
3889
3074
587
3786
522
3592
1108
1886
1305
3854
2073
3274
4716
4061
1345
101
3215
3479
2021
1261
3970
3420
411
3787
1148
4775
3264
3347
1039
3828
1324
3349
55
1626
743
1658
541
2477
2903
4936
3251
2066
3490
1544
2068
4418
3027
2005
2062
4365
355
143
916
3197
1337
502
4035
4956
2399
3642
4168
223
134
184
264
3695
3091
1299
598
2718
1572
909
240
1596
4226
1260
1768
4884
919
183
4509
4349
2238
2527
2478
1166
2268
4922
1018
2966
4339
2580
4545
53
2448
3357
3275
4784
2438
3323
3180
3119
4312
2599
184
2914
779
1857
4557
1955
2445
1152
2210
328
1066
1570
4975
2039
3066
3987
2783
4603
2589
861
3343
2809
4831
4083
371
3878
3449
972
2217
4453
3044
367
4004
4574
1540
2973
4443
4254
4687
319
75
2083
4108
2162
4411
2233
3893
3897
3079
4722
3352
793
4501
2440
1194
1675
1025
3978
3950
438
1008
240
4133
2670
900
177
861
3173
2146
4625
3986
1941
546
324
4359
2878
1098
3511
4731
4288
153
2468
1220
17
4677
1122
2725
2577
833
280
1551
4070
2327
3700
2556
4238
3049
1594
1705
4809
4984
262
465
120
3440
4919
1369
2908
1083
1493
1722
2242
3324
3417
2865
2725
4969
4544
4036
4581
2149
1751
1797
4530
356
2779
1944
3741
4827
4342
2731
858
1733
2253
3915
4420
3203
543
1053
4925
416
955
259
749
1820
1997
4959
3019
4201
3156
578
2154
1468
4816
600
3076
2022
3313
1099
3904
462
3101
2786
2904
2301
3897
2277
4452
2173
4363
3984
1095
2501
4400
4784
3239
4615
4909
3783
1270
1739
4000
6
97
2086
4652
3353
3945
1204
418
318
1706
1789
3139
3362
3033
411
1347
2600
425
3179
1333
3902
4424
4467
329
325
604
3389
3828
3429
827
1599
