622
2445
510
3592
2742
3028
3093
2317
3165
1787
4063
3067
4889
4681
2550
1262
2111
2320
3437
2100
3365
3539
1281
10
2482
2740
4322
4539
4125
432
3055
2889
4817
4731
189
3373
1591
946
2856
3431
757
650
2877
3530
3082
2625
357
695
2623
4164
3767
4722
1052
484
404
665
3586
4802
3359
1905
4196
977
1341
142
4904
1424
3267
3624
4324
1495
1326
3394
394
3107
321
2328
1149
3343
2157
1800
2227
2266
1005
573
726
2369
718
2088
4398
3982
436
1994
3616
2235
4701
4157
3379
3453
4901
179
266
1531
1750
389
3939
3872
3476
3763
232
4987
4778
3024
4424
1613
3602
1721
3141
1816
728
2998
2148
3888
4801
3933
2902
2904
1503
746
1249
3538
876
3978
2355
3308
638
1584
2687
4776
1843
1595
2077
4894
3227
4584
3485
3947
902
3083
2684
1096
1220
1237
294
2123
1285
2353
1895
4048
1182
188
1154
2192
4470
955
763
3615
2319
2949
2758
2147
4949
4135
586
66
1009
4355
3645
1811
883
1431
1289
1434
2215
4673
1896
3641
3114
1254
4658
3330
1867
4457
1360
1836
251
3287
4645
4750
2467
4976
4406
3653
205
1709
2997
1304
2496
148
2340
2213
1406
3639
811
3897
1696
3754
2937
2335
1682
863
3078
106
21
367
3152
1047
4714
2888
4038
4108
4676
561
147
2696
3614
2653
1480
2819
3860
3049
2797
1645
3206
3111
728
1830
4255
1272
4907
3593
658
4217
3320
3568
2276
2742
3045
1558
1050
4877
3219
2064
2318
3779
1876
2986
479
3203
3629
4546
882
1262
2661
4786
4832
4092
2442
1138
3306
788
3455
907
1728
4348
1845
757
1209
1084
3111
2987
3132
1895
1673
4440
1542
646
4100
3940
988
1343
246
3895
2573
4936
289
2096
4942
555
2014
2851
3098
3552
4985
2076
1106
1947
4012
2952
836
3508
4587
2066
3330
3607
1464
414
4923
3095
4926
2296
4226
3818
1260
4384
875
465
1866
2255
4815
4725
4313
1796
1971
1302
2948
3183
4538
745
844
3897
3771
441
4613
3836
3107
4336
1555
4563
2210
235
2870
2041
3976
94
1801
877
3171
3603
4226
1198
2247
2096
4417
673
1915
948
3711
1764
2120
2219
1480
3244
2908
1122
1608
4728
4981
136
4493
3700
2945
4816
4441
864
3437
1929
4980
4453
1253
1747
3701
646
446
1226
4383
3983
4699
4842
2317
872
539
1396
144
3522
4224
184
2682
22
3512
4868
3753
4082
1954
3289
529
2425
2438
3671
3551
2509
2079
6
4843
3471
1571
63
2118
3774
1130
1635
1033
3372
1307
1001
2590
1677
1805
2389
1729
4980
4922
2943
2487
2515
2433
127
2700
4380
166
4771
3290
3899
3721
3865
806
3124
758
1602
688
2686
186
2079
1655
386
3245
2538
415
3498
2224
3337
18
462
2123
1059
2938
426
4466
1793
4731
1249
1159
777
4946
1109
519
2439
1941
1693
1795
3592
216
3581
2827
355
1423
2956
4905
665
2504
243
1853
1216
402
137
360
1233
4286
4698
3819
2250
3921
2960
2
1425
2723
3696
1250
1973
756
2661
2312
4095
4053
3275
837
4120
4654
1220
2074
3810
3327
2252
3862
778
4833
4287
2794
179
45
2772
992
3385
1234
16
2422
1962
4583
3469
2674
2187
1244
1265
3854
1893
3185
4756
891
1336
2555
2360
4495
566
1167
4666
1046
2452
3532
3292
4764
2770
121
4031
702
3192
4554
1617
4550
1913
4767
3600
3588
3736
3921
842
1492
780
1441
2888
4075
2593
705
3654
3505
4068
1751
1460
4177
4934
2288
2317
3387
2354
3000
4139
4736
476
2301
2740
481
749
1191
467
3837
3095
4665
2074
942
3130
3501
126
43
1122
915
483
809
4382
3173
3318
1340
2032
2273
4479
2750
4601
2510
1057
3175
723
1482
3559
4621
4153
1817
2171
4961
3239
2992
1060
2242
502
1988
4502
1888
10
1525
3681
3387
3381
1775
4402
2900
2942
2526
3290
4028
2638
936
1439
1431
334
3718
117
2977
1661
4121
2278
4284
4521
145
1634
2937
518
3468
2379
1297
1066
3724
3541
2969
3626
4057
4331
4005
270
2559
215
274
2910
1936
2993
613
4859
4162
1062
1732
1736
643
3813
3973
4566
3456
250
4145
3037
483
4669
201
4521
3143
1965
2318
521
1830
4411
58
1563
2959
1411
3832
4209
840
3144
3062
331
541
1410
2500
3174
2241
355
2092
4226
3820
2114
3413
2097
4579
4325
3747
1483
2599
3936
2156
3106
1868
4506
205
2387
3413
4753
4171
539
435
4165
4891
391
1733
3751
3909
162
3875
471
3632
2678
370
25
1773
2768
583
1637
1992
1440
3369
699
4521
4005
3369
3827
4445
3976
3815
3332
156
3567
250
2550
4106
4683
3779
633
1754
200
563
709
2256
2765
1334
3382
2272
1763
2782
307
101
1169
1802
2647
2522
2490
3982
1358
4898
1237
4378
4777
1317
2629
2500
285
2807
1458
732
1280
1865
2386
4729
4992
45
1920
4462
2660
3693
1267
381
2963
754
2411
1564
4652
3818
3755
1345
1512
4912
577
657
1763
2059
3372
2274
258
4185
3719
4404
3195
1614
4668
4620
2724
1289
4620
4852
4786
3975
1248
2617
3436
4102
915
4594
4669
4797
735
3780
1476
4422
201
868
4360
1435
466
2437
3799
4106
2159
2142
3802
561
388
2111
2132
2433
3046
3639
1910
620
1089
865
4345
2423
63
2168
1967
3325
2348
2112
4263
65
4725
1481
4775
3286
47
4689
4321
3855
2873
3285
664
3469
3971
4122
4500
1020
1000
2488
799
3037
1878
2169
618
4182
3055
2643
579
70
1191
1947
2212
1819
580
4536
2246
1831
3824
1542
1112
1136
4132
2780
515
3630
4394
4818
810
2030
4045
2972
462
3511
4865
125
2554
4793
1186
1669
2286
1598
1747
3272
4966
4732
3795
3588
368
3167
688
2370
4609
2386
2557
