3480
3345
402
214
4381
748
1440
449
193
253
670
3785
924
2648
1511
1158
3004
2114
4882
1300
493
112
3444
3060
2738
4204
3685
1466
1473
3890
273
623
1043
2555
2884
4331
2983
4209
2243
3332
3040
3750
3500
4231
4582
1705
1151
2134
148
3241
4652
4907
1303
615
1554
2489
3769
324
3307
1648
1141
3236
2518
906
4884
2044
2329
2324
3395
107
4512
4085
1617
3400
1292
4331
851
2902
1356
3845
3616
827
3145
2768
1664
3073
4726
3192
1962
4378
119
4335
2162
461
528
365
1180
3855
840
3619
3875
3191
3402
2893
1703
2236
3804
3054
1979
4530
2027
3641
2347
2269
73
2529
4811
1712
1060
2255
3548
1452
898
3815
846
3500
3548
488
3654
118
4325
137
4724
4931
227
3686
1757
429
2241
2866
3419
55
3595
4394
4329
2238
2551
1965
3568
3378
4548
2817
4793
1317
479
615
3857
4816
200
225
3133
4051
1682
4744
512
3598
1504
1455
4178
1912
4450
3085
1277
3519
2568
4044
4704
1948
992
1898
3963
4327
3783
4879
4813
2340
1578
3558
3015
2319
4980
3782
1761
3473
2626
1620
160
156
1178
3840
3425
3181
834
440
2547
2037
956
50
2678
1379
4616
4707
2018
3267
1844
2979
2015
4807
2232
2249
4638
4233
3348
124
2224
4968
3181
89
468
2913
752
4587
387
2356
4185
2239
2477
4341
3956
716
3484
1100
4963
2634
1495
658
712
4709
2656
1035
2503
3070
3644
2996
233
1386
4994
1620
3678
1854
4415
4963
1314
1353
834
545
2717
4740
3341
2274
676
1862
2261
1182
1727
4277
1644
3084
4555
2189
1756
4610
3696
2268
847
4279
3118
3815
1992
1826
2303
4296
263
2300
3529
3840
929
528
3912
4926
2454
3362
2896
1431
4119
644
2613
4756
1794
2373
1191
1904
4843
4269
4591
4636
4588
2361
4082
469
2967
3323
1124
3674
826
3298
3178
1624
1422
79
2854
3832
2824
4256
3336
204
831
1152
1453
4544
2503
4247
4787
2481
1585
3448
4548
4559
3992
4736
3863
528
3682
4420
1531
4248
458
3018
1906
4859
693
3057
2344
4560
354
3468
3671
3246
2513
166
1190
2520
974
4452
4192
3374
4471
583
2971
1380
2119
2511
1430
3003
722
2365
2984
4651
321
537
812
3576
4408
38
3888
717
1320
3208
2681
1968
3258
180
3243
3365
2025
2541
4428
2530
1581
1266
933
2214
4322
1552
902
4540
2147
2126
692
1319
907
1790
4064
1277
960
4091
2296
2203
3488
3705
33
1096
3399
250
1400
972
1829
370
851
2131
1641
712
4082
1280
2361
3567
75
1937
3948
2895
2763
1921
3723
258
4511
2322
329
4491
3494
423
4123
1014
1853
4286
753
2906
1
378
2273
2448
228
123
1851
3758
2256
2133
2065
338
3118
1460
3242
423
2964
2829
214
4327
2156
1927
4450
2419
486
4426
3028
2784
3920
3203
2544
3652
2186
3865
447
3397
1897
4097
4180
3170
1345
623
3062
3356
1326
1388
2675
1993
3800
1259
1901
4404
1637
3893
2345
1302
4930
3819
3699
427
2980
1286
3783
3733
4207
4058
1143
2911
3633
3836
2788
3073
2669
770
1129
3790
4315
1529
3228
3778
2491
3857
3046
3668
4631
4159
163
3608
4623
3317
2190
677
2170
1185
4882
4396
1874
4092
860
396
105
295
2310
1364
3367
453
3800
1053
4187
2351
4658
1274
2031
4635
864
3662
1584
2118
1685
1340
2790
2418
357
2167
3945
2452
3739
857
3691
2922
3517
3060
1793
3628
3459
1791
1582
3989
4506
786
1077
878
3613
3226
651
2622
890
3194
2800
848
2480
3850
1706
234
3967
775
1257
3396
4840
2737
4993
1450
345
4605
2163
3601
1617
402
2216
2142
4878
2456
3448
1618
2940
4329
81
2556
2378
867
1314
902
2460
4969
2201
4076
1916
1550
1186
2030
2544
4991
1540
4975
4816
3529
952
1206
3872
2861
3891
3440
3910
926
903
2871
3661
4360
1987
1873
4237
4508
1432
2308
1301
2297
1513
1718
720
4079
4143
1682
2114
324
170
4968
4409
926
852
3322
1999
3905
3993
4682
2556
3829
4565
3811
4286
2626
3796
2683
1891
3338
53
2079
924
4373
596
3307
1389
140
4898
4115
4271
3336
4590
1705
1720
2803
1682
4516
4158
411
3172
3317
2947
1453
4009
2821
2887
1552
3034
167
2227
640
4308
473
1738
3183
3121
3042
1060
4113
1389
3918
3268
1386
2427
4159
2305
461
2515
4115
2507
2400
1475
3207
2578
172
1135
1213
3360
2675
504
2863
1516
4720
4743
4430
3123
2255
4302
2518
181
3725
3726
3924
1949
1017
510
2233
450
738
4193
2797
1248
2781
1680
2042
4158
1361
3444
3887
1069
3519
4295
2200
1811
15
636
2276
1403
2844
2540
1374
1733
3762
3462
4180
1146
2464
112
3810
3852
931
4970
1155
3855
304
2987
2712
3353
3490
1694
258
974
2282
2370
3481
624
1224
1842
2055
3234
996
782
1673
1320
4586
3814
894
4874
3407
624
419
3992
2185
4577
1343
2302
4714
2277
3854
1347
3909
3326
4897
517
1583
654
2207
4738
267
770
2239
1212
3850
4388
3534
4618
2100
4711
3066
1404
3524
148
612
144
190
4335
1356
691
135
1689
1586
3818
622
1803
1242
4243
4887
623
2276
2357
4972
4922
1378
1266
482
2639
4742
2421
2633
1798
2865
4037
1099
1822
346
3684
187
4081
4083
1268
1163
3303
3032
4941
137
1614
1956
2551
2509
1302
1709
3729
1804
605
3532
2196
3448
2642
3862
4864
1397
994
1751
1105
4435
1954
3996
1414
2906
733
3209
3095
2594
2334
2040
2374
1235
814
3496
1643
1726
4652
27
2313
150
4351
4672
2257
3616
344
917
3014
3627
540
3137
1698
992
2451
2703
739
2719
4437
523
35
827
4533
1213
743
1116
2321
2489
1591
2159
1881
1849
3074
4812
3007
3111
