1010
1123
997
1393
1692
1342
898
2561
470
326
4851
937
564
2037
708
4506
2751
1845
412
1294
447
790
1239
4863
979
1833
3287
500
2375
1639
477
4604
3234
3661
4812
492
44
2734
3849
3692
4279
2632
3462
3077
2732
3233
2815
3776
1445
2072
1510
4445
4704
3598
2282
4123
299
3420
3565
1479
4960
745
1367
464
2969
3371
380
4381
3492
2293
1012
893
981
334
3315
710
3577
152
1181
124
1697
2456
3659
3462
2233
2093
719
4613
149
2254
3990
1620
474
2884
411
3506
3912
2040
266
3521
2810
665
4407
3338
3953
754
1856
3777
1374
365
4761
1826
3305
1625
1658
3130
251
397
3941
2741
204
4322
1982
1430
2607
3968
2150
2790
4381
2505
21
2483
1663
3829
3747
2194
2361
727
1049
699
3768
4460
3972
458
1431
3035
3031
1855
4738
861
184
1352
479
1391
1227
1301
559
812
1828
3800
4876
283
2930
3885
2773
1422
2444
374
1965
2354
3906
4164
4201
2498
1122
3220
1489
882
1499
1063
4934
2811
4465
1403
602
4377
624
3687
3403
2198
4105
2960
781
3229
4236
1260
3310
1511
2474
1476
1208
3026
1048
82
745
3344
925
234
3203
1778
4511
1820
4205
2723
1194
3487
1287
3815
3696
1879
580
2497
1285
3097
2395
2734
135
3369
717
237
687
1479
4404
1879
3204
1888
1347
1353
664
4285
511
1092
4356
2363
4938
1188
2483
2172
3522
3196
525
1861
4891
4559
1515
895
3835
1334
3429
1580
223
2275
102
3256
2062
107
1720
196
4090
2410
1589
1452
1303
4302
1345
4495
4498
2528
2550
3603
849
2459
2106
4605
3859
1432
4180
1968
2058
3327
393
4189
512
4637
1799
499
593
3123
1726
2969
3510
1612
1184
3296
138
2137
2302
3939
1221
2179
3973
3750
1051
2924
3373
3856
1505
2871
3364
959
4560
403
2783
4408
2574
4452
2167
3589
3384
44
4711
96
3672
4674
4819
794
1769
2587
4401
2189
1490
1567
3274
1343
3205
2369
1820
4690
747
4902
4016
1410
535
1336
1157
4836
4060
1202
1046
2972
3392
3057
3894
2312
89
3454
1532
3246
1008
4663
3628
3796
4119
3478
4026
251
1458
849
1408
2460
3781
3878
2249
3328
540
4368
4323
3182
1104
366
1907
4918
1790
827
2582
123
1547
3913
2911
4190
2637
2817
2208
1509
2419
273
3531
800
724
4768
3291
2734
4311
735
1783
1294
4685
3184
1668
427
183
4911
4936
4040
749
1871
4389
814
4368
3663
3987
4211
1314
429
1752
2622
2437
3223
946
2297
1787
3048
572
10
1820
1160
2192
2214
4213
3294
1915
2976
2914
3483
2594
2388
187
538
426
3811
300
4627
4505
4624
4590
3563
399
2742
3411
2226
3468
1292
2151
292
2728
716
4823
1412
1526
3867
2761
1300
4881
1730
134
4477
3789
1716
4050
1894
4855
3041
3265
815
4388
4995
3013
4319
4244
759
1725
384
1027
1264
1744
3904
2307
1650
1048
1595
2819
4879
3521
1502
1124
599
2450
1266
2111
4923
2404
3670
1530
3362
4741
1190
3556
1915
3190
498
284
1098
2911
1914
2398
2204
4669
1305
68
2257
3766
1520
1269
135
1172
3762
3618
3253
926
708
2279
4305
1116
112
1776
568
2224
4553
4852
2061
695
2659
1318
2767
522
2227
3986
3564
2376
3901
2822
2045
3922
1700
1203
2355
2568
2779
4445
522
4121
1889
38
3496
1777
4645
1413
1582
3563
1468
826
3611
1967
2932
1596
262
2799
3853
1358
1403
2900
730
3590
3248
2949
1374
1703
3402
678
4433
769
926
1998
677
2684
2258
1492
1927
4337
1487
3810
2642
4495
4634
3358
3758
1411
509
4405
561
4654
3415
2525
2649
359
918
1138
657
1375
2415
3506
1153
988
4113
1337
368
3043
4792
891
3084
1049
3102
4733
2976
1200
3868
1449
4523
1399
2372
2534
189
4652
4314
1382
2776
2042
405
1642
3776
3092
829
3720
3088
2872
4049
738
3559
3708
2302
2746
3301
321
4030
2231
2407
693
4101
1256
670
4321
1036
3113
2115
3882
739
610
3527
186
2188
3356
2838
2738
2047
4227
4131
1384
924
4580
2931
1948
4487
2576
2440
3324
1426
2479
4955
114
1517
3503
2958
2614
4556
787
2728
4819
956
3875
571
2453
2771
4899
1250
2506
1144
607
2104
4985
3304
626
3497
4431
1360
1960
2076
4407
384
2883
1688
1834
3505
2289
1702
656
1203
4086
2366
2094
1654
3070
211
3666
2844
4930
978
3409
671
128
2385
564
1107
196
1684
603
2768
917
2959
3734
749
4043
4818
539
571
3073
3975
3755
1766
953
1116
234
2904
2231
695
874
3898
3187
4045
3730
3968
1654
3298
2685
3701
3240
3203
3731
3428
668
1136
1489
388
4039
1184
431
2274
4390
1059
3446
145
4800
3270
2611
1553
3026
2935
704
81
3029
4317
1859
4313
3510
3153
1096
4232
4210
2329
1239
3992
2785
915
1406
1786
4684
4687
1932
1998
2160
2988
1769
3212
2923
3640
3696
3682
1996
1585
4369
2989
195
3270
2861
687
3370
3082
1453
3798
126
3771
3856
3912
4634
1332
187
865
928
759
141
1738
707
2537
1427
3426
4979
4141
3864
1237
888
1922
3953
4180
818
2288
4926
2829
1417
3131
2331
3016
4971
3018
1170
1644
60
729
613
2577
4650
1541
786
1034
3771
1501
2048
2717
2852
3298
1605
2625
624
3055
4005
3670
1744
474
4954
1533
1424
314
4852
1083
1037
716
1232
1504
931
797
3035
2085
1288
600
3727
4629
624
4477
4577
821
934
3018
1734
1419
1164
1620
4604
4638
2253
1693
95
4612
3111
14
1715
1619
1429
3353
2712
569
891
4471
1856
1246
1703
3590
4407
1823
4114
2898
1327
219
1768
4239
1949
1116
4068
4411
1059
3043
3569
1393
4128
4230
4205
227
2356
2007
1988
47
1954
709
