772
1533
4546
909
2585
1778
4322
4452
3583
3419
3371
1760
4133
196
3411
1548
37
1025
2766
4475
491
4318
381
752
1815
1195
3023
4897
1640
7
4890
1345
4133
4755
4977
3444
240
3743
3411
1166
1283
1611
4438
1757
4451
3365
2957
3390
2378
1276
4333
4103
2977
3147
3549
3143
2579
2723
494
3615
441
1269
1848
1315
3997
4634
1883
2830
514
2124
4881
851
3408
1539
2746
1985
3060
1253
619
4834
4236
3406
2020
4052
1031
656
2945
4147
256
4658
4248
1840
3715
2627
4907
4772
1879
936
1285
1860
4923
2810
2363
3631
4389
1666
2441
2287
4545
2964
4241
727
4301
2410
298
1207
4428
2508
4405
4916
3187
4774
2409
3833
2110
4685
2806
626
3654
4279
4195
591
3583
2296
247
2769
4550
2373
2841
1618
1863
3440
1685
4776
4347
4550
3308
2388
119
1542
718
767
2995
1634
3656
2079
2760
1096
4235
3636
4878
904
3133
4262
2893
44
4204
4800
2884
4639
2588
2804
4661
2787
909
555
88
1907
1065
318
2659
4412
2683
1111
1816
4291
3011
1652
1342
3478
817
2060
481
787
2785
1402
3896
3070
4168
3365
3707
1561
592
1413
1280
967
4335
566
1679
280
3730
4407
2444
2716
1546
2552
3282
1491
3538
3999
2751
3099
1104
1366
591
3737
1299
2775
1889
1265
1904
3120
917
3651
1496
1405
4642
2894
3870
90
777
2020
1225
1636
3835
2288
318
3405
2492
955
3247
4891
3333
120
1719
3844
1971
1027
1213
463
3019
4926
1398
624
430
3036
2250
1070
3305
1824
2866
3569
1468
1822
2029
2901
4969
3375
3627
668
1507
4188
2455
4670
4783
1422
4446
2870
2734
1628
4568
2461
3507
212
2639
3934
2192
1650
663
1700
1924
1775
2511
2053
4184
4757
1091
3180
3231
3918
520
3596
3997
3979
4924
2723
3517
3317
4769
560
3556
4365
2085
39
2817
2039
3231
1860
1609
4230
4700
4177
4935
1614
2734
4183
3904
1722
144
1393
2339
1584
2919
3484
228
3324
2038
4077
2581
2221
2307
1237
3172
812
2352
1487
3744
4166
4042
3844
2967
1569
3299
2787
1583
4124
1365
15
1557
4497
522
215
4043
241
1862
4841
3742
216
2626
3284
1421
3350
3632
963
840
4259
4665
1020
2079
4005
4240
2835
4319
2431
82
3490
2494
3035
4155
752
3276
1378
3298
1666
1376
4316
367
4267
1913
4789
3591
531
1859
2074
1946
1523
594
3057
2612
1999
2835
478
66
2018
418
4619
1454
2374
2311
2085
4162
1885
1163
2319
2935
3023
1020
1153
1291
2461
1043
3709
4282
2397
1973
812
514
793
3999
36
4547
1492
2720
434
2088
2641
2611
1343
2129
4780
421
4621
2679
239
2089
4823
86
1127
988
216
1975
2151
3379
4981
2631
2789
1704
2446
2717
2057
3661
1742
964
2525
360
625
519
4548
2645
3021
3400
2058
2168
665
2055
4037
2947
1770
4478
1587
849
1991
1140
1406
2771
4931
4871
3350
2111
674
3597
777
2066
4016
3425
2365
1662
2797
3078
2523
3143
3802
1996
4030
1296
2171
2778
3876
3013
1502
1311
3448
1686
4420
4090
565
995
3677
710
2070
1309
1227
745
4726
733
4028
1444
1717
4134
1135
4207
2155
3260
2054
1442
153
4022
1714
3347
626
3369
1732
4781
4549
1449
1919
4491
4666
2508
2785
2429
967
2474
1284
3070
4137
2413
4914
498
850
4316
4030
4358
4256
4145
2842
372
407
3491
3394
2826
2009
3276
3219
4024
4199
620
3824
2877
128
4501
3740
1062
2943
3681
4531
833
4493
2960
1853
4777
4925
974
3553
1824
2808
3859
4247
1221
3648
1304
670
3717
2825
3348
4156
1621
4025
449
120
1410
3185
846
1713
188
116
4879
3627
3965
4135
1773
3253
3737
915
4132
1931
449
3789
2178
1422
4199
4903
3567
4967
10
2153
1745
2724
3542
2899
1250
3899
1728
1563
427
1609
802
3764
1910
4235
2336
1125
4668
90
4728
2525
3190
3463
2753
2685
1227
3863
1969
1138
3570
1044
662
1764
1382
3708
4642
3535
3198
2073
4423
832
2587
3996
115
2714
2379
3453
922
1072
1759
752
3906
1414
1522
3652
4771
195
1198
136
962
491
960
4247
3669
3027
534
1775
2749
3319
3734
459
69
3343
4727
2710
4318
4271
3704
4255
2028
117
4358
2153
4134
1065
4633
3758
1812
419
3800
440
1210
3559
1311
950
451
2617
1987
1160
322
1715
1179
360
2170
965
3686
4234
4794
3691
3957
2837
245
2636
4434
2522
18
1580
1384
2339
4947
3893
4820
2250
1862
1326
2499
2243
3696
254
3966
1590
3930
616
1248
3096
1673
2721
3240
4378
2019
1782
3600
3349
3077
895
3825
2405
2039
4668
4278
915
235
1360
2951
2207
1858
169
4994
2472
731
1419
2587
123
2882
626
598
4537
1074
4950
3704
4839
292
4588
2027
3427
1539
3752
4994
1110
1831
1144
2519
3681
1418
1208
3623
1111
4818
695
1847
3172
4710
2615
3668
1437
236
3579
4606
2705
3072
4006
3161
910
2589
975
4965
4837
261
3544
1950
806
2524
2068
1113
1606
3256
1155
4213
3609
2551
4020
3337
1829
1914
1623
1382
765
3550
1320
3731
1920
1401
3765
750
3874
1252
448
2121
1253
2917
2360
2743
2213
2825
4661
1102
1122
4810
3799
1281
3130
1594
4479
4812
4316
4517
3487
4230
4942
3460
804
1661
2104
3846
4280
3794
40
1458
925
3929
1271
1256
2147
1392
4473
4246
4272
730
2066
3046
1886
2915
2733
2669
276
1326
206
1816
3295
4895
61
1284
4400
3826
3063
1818
4716
2432
3493
2838
3151
886
2493
4521
200
945
789
2016
2480
4958
2536
1865
820
1580
1559
2985
4378
4908
1195
1871
461
4999
3425
116
507
2784
1481
3179
4845
3498
3820
3171
3827
3033
4883
1832
4108
1932
4578
3306
2199
3677
830
1236
350
