4847
714
1018
4144
2727
4167
2721
4533
3671
727
2314
1520
859
1633
3755
2444
2055
4571
1165
3104
2322
2547
407
4472
468
1422
1092
1588
579
3407
4535
3489
3456
1278
4577
4736
377
3158
1462
108
3168
1525
2630
4565
3630
2696
3129
2221
988
1884
2219
3714
1070
4032
495
3904
974
1061
2232
3235
4292
3717
4045
1235
2763
1609
3204
186
703
1772
4512
3454
3270
4223
2443
4906
987
617
894
4883
4757
90
3042
2203
4258
3242
3267
4094
837
3866
446
2064
57
1085
2345
4560
4109
4869
2402
3384
4134
4093
1598
2539
1294
4133
665
685
593
4789
2827
4563
3167
2209
4617
4655
710
3912
317
4060
4951
650
4205
192
210
3765
2652
3170
2909
4235
1427
2015
4733
4238
1403
3737
1590
1629
3568
1642
162
3601
4004
3272
2317
116
1221
4302
3186
1814
3545
1210
4656
4322
1041
2921
1325
3968
3160
3118
417
2036
1334
1878
4130
2259
680
4940
1398
404
1328
3543
4075
2468
4472
836
1853
754
4303
1525
1804
3743
1761
2452
2110
3456
1588
4030
4141
349
3444
1031
410
4536
3313
1966
4720
125
712
619
4307
2773
4880
2792
1402
4725
4817
4364
2992
4208
4755
1586
3984
489
353
3207
2206
2240
2246
2908
2045
4606
1751
1743
3448
3717
3576
3904
3019
3552
1929
3058
2901
2899
1182
2855
4471
2620
1709
4282
2479
912
4810
4802
288
2946
1583
1899
1827
1759
2438
1677
3906
2524
159
2874
2524
3476
4946
2227
1637
1138
2136
3151
341
3053
4547
764
2034
302
1507
1002
2920
2968
166
3449
4319
4949
316
2046
2970
4513
4307
526
1569
2889
2895
2445
3788
2432
4321
3316
397
3893
4220
4953
2570
493
4515
1294
4957
255
3955
1895
1561
1241
4848
4154
3775
4636
301
4014
1914
4802
2138
2652
1089
2781
34
1942
4188
2638
4184
2802
4438
4161
483
1932
1662
4746
552
4531
2612
1814
551
3189
1059
4989
2107
3535
3504
1111
1951
4223
2890
647
21
1156
4354
3278
889
174
2867
3005
3538
164
4157
2348
3121
3574
3100
4969
3294
1656
781
1613
721
1169
2185
3759
3553
3272
1418
2919
4245
2393
4631
4014
61
2256
3061
4508
1231
1906
3332
4898
2966
3895
2529
3120
1306
3513
2881
3067
4120
2538
591
4139
1727
4612
3851
439
4876
1136
3651
1723
4886
563
4107
69
2246
1683
3031
2908
3903
3522
1087
825
1883
2448
424
2563
1546
3369
4905
1415
2050
4023
4422
1848
3563
2282
3239
723
1835
1749
2389
3269
4580
1946
468
2565
4911
98
3563
4941
3702
4620
3726
1192
3181
2147
2478
3639
4009
3488
1940
4257
716
1648
2057
2727
2590
124
3316
1708
3202
1718
1800
4011
2099
3317
4276
3253
971
3841
2707
2823
2453
407
4017
3966
465
3005
2283
1696
742
85
4583
1928
1580
2616
2851
4791
2091
1913
3890
673
1971
1418
3054
3972
1154
4873
3227
4202
2569
2666
4503
1783
3942
851
1453
1156
4726
4022
1482
541
1794
792
3723
1482
3745
4065
1306
4268
819
3664
166
1233
1929
4406
246
3925
634
2858
2086
340
143
44
1500
4009
3287
535
3081
3077
3347
3385
3544
2426
2578
4024
70
1957
1169
2787
3418
1525
1011
2445
280
2819
3125
4997
4419
3072
3327
4207
1291
3821
2762
3318
3096
1610
3052
3006
806
3619
1079
4020
1873
4045
1341
324
3655
389
4120
517
4673
2508
3430
1390
4032
1678
1737
2977
2062
1614
2863
3241
4723
3845
2524
1160
2163
267
1506
109
1429
3284
4265
4734
4538
4566
4288
4929
2471
2553
394
430
4638
4844
4084
212
1580
4725
2939
1403
3021
900
4469
711
2915
2586
1944
3978
1323
1773
1335
4624
1670
3746
2562
3260
4469
2822
3713
3516
4634
2208
4041
935
574
1871
1313
2937
2766
1158
267
1572
3449
4878
60
759
2528
4329
3670
1495
3341
1651
2359
2132
1038
295
2504
3908
2533
3916
3954
318
2998
1328
3559
163
4800
3597
2562
89
2995
4658
2107
3670
1933
4343
1657
108
682
2520
1840
1720
1530
5
3332
703
4229
1335
4026
4892
3335
2958
3558
3043
1181
988
2500
833
3461
3703
2073
329
4027
2851
1273
1815
2139
2211
4184
2241
4156
2855
2553
1795
679
3550
2753
4198
2651
1242
3143
1846
574
1795
3671
184
290
4271
2646
2382
2917
3950
1685
699
4049
3266
1383
4149
121
1652
3761
2710
1145
2000
405
903
2036
3076
2499
2614
3650
2676
965
1567
3461
54
1457
4667
3759
2334
3059
4504
4671
2041
1403
4411
4590
458
3556
3150
2843
1010
3899
3821
1419
1233
137
4134
3142
659
2863
3287
1924
162
4465
4463
2707
2494
1255
4660
3104
2538
2089
2302
4454
2299
1357
2278
310
4442
1660
1478
1804
4040
2699
1701
715
2103
358
1678
3929
3068
2265
3588
2098
3567
1632
4409
1483
1187
3365
540
3580
2981
1382
4325
106
1883
2101
1055
4458
2090
4820
3334
1915
4651
2017
4318
2073
4137
3286
4952
4406
887
3448
3140
675
1692
4780
1830
724
941
1260
1594
4224
56
4414
3535
1334
810
2075
4120
2242
4395
908
2123
4639
4018
2733
1579
2320
4834
3918
77
2942
1953
1388
4051
1050
1525
3956
2664
2391
3848
307
890
2031
2670
1328
1290
3721
1221
2011
526
2327
3918
1427
4454
846
2310
3530
4847
557
4712
2201
1106
1213
3567
2142
4458
4567
1154
3323
4120
2628
2591
3882
3435
3179
555
3247
364
2448
4281
2652
2108
3483
748
4820
1784
51
1447
301
4588
4003
4459
2005
3567
3109
3303
2826
4655
1597
3684
2977
2512
401
3670
4708
3636
4633
4972
694
3423
3112
2470
1639
1669
3744
2170
3287
1543
3978
3349
524
3761
3894
4965
1927
510
10
4933
4038
1995
3246
3833
4408
1885
2513
3537
2214
2681
