3908
463
2735
3829
3234
16
2520
4313
4682
3512
2814
1991
1318
3471
3546
3815
1406
2009
537
1427
4461
4540
298
4501
2098
3813
3701
4707
3475
3992
2794
3437
448
4268
4626
300
325
3167
4654
251
39
1226
2088
1548
3236
265
1594
3141
779
2889
3252
4239
2318
2396
3584
3057
4810
3302
2563
4764
4384
2408
2803
4768
3496
3158
4545
341
4540
3509
3332
3909
4607
4057
2193
4344
123
1875
926
1075
237
4414
124
2306
726
1545
904
946
1317
520
3883
223
4955
2180
1705
4055
1461
4931
237
1415
2516
4984
3407
680
3187
2789
248
77
2210
2172
4583
1541
1062
2183
4718
1334
1186
1146
3455
3814
2744
1187
4441
2309
2232
4163
604
4814
17
417
2959
4118
706
2605
3319
2040
62
1915
3765
104
2939
3645
4860
42
4636
1432
4478
1372
4834
953
2901
4924
4691
3853
4140
3466
922
2858
2993
4914
1404
2288
1892
4621
4309
609
864
4909
1803
600
4957
1875
3098
4739
4433
708
4629
1587
4169
67
1923
4983
4296
3540
2621
1062
639
2472
619
4539
2596
3343
659
1366
1079
2251
4692
839
1198
2292
4226
2247
1761
3627
2901
2350
2146
614
557
720
4332
1327
3046
438
925
3245
3073
2126
280
1230
4868
4467
2737
1120
3720
3361
1861
1524
2411
1152
4421
3859
2637
500
2246
2437
1375
3634
4169
3201
749
4517
562
202
4182
2570
1661
1837
2755
4642
3439
636
1460
2020
1836
1554
4225
1639
1886
142
3383
3201
3683
2924
1057
4716
267
2012
3108
1921
4701
739
145
4018
1551
1803
4530
2769
1725
3762
2175
2612
42
4738
1394
2171
973
4094
1008
4616
3405
3535
2546
3121
2002
4518
3925
2124
4673
4311
2325
4924
165
3139
1470
1400
2872
2617
444
3949
1188
1010
2214
3235
600
4652
2270
2493
4430
332
1768
532
4873
4038
505
3286
2450
1746
3608
870
4160
1927
265
392
2593
4615
1695
79
2815
316
1233
1227
2893
1010
3930
1079
1636
2611
3661
4761
3470
4386
621
3610
1022
3639
3442
2119
1820
639
2667
1829
2990
3603
139
3861
3606
1371
1653
4546
1821
4382
4943
3909
4496
1164
3684
2277
2579
3822
736
1790
312
2363
2695
2477
3390
3420
1247
2677
4290
3205
1121
4531
3790
4556
3326
4210
4559
1454
1981
510
3373
438
4267
1159
4383
509
860
1537
3068
1055
666
3018
3967
3999
1712
4764
1628
2727
2102
4123
701
598
583
2861
2376
3939
1732
4174
3950
3122
1036
13
1514
3481
4328
1692
365
564
4710
2477
3895
3292
4238
302
2382
3316
2154
2617
1955
4873
687
3383
4267
3587
3524
3667
3880
1641
2517
2265
3994
119
1160
3638
3432
4586
3969
2961
4233
2583
1708
2228
723
3487
4886
4026
270
1754
4956
994
2967
3907
1604
4604
2195
4550
1712
319
3349
2616
4344
3350
2665
397
3820
4921
2517
239
951
3355
4140
1734
4558
1207
2021
2070
3795
4018
465
833
1965
2700
1822
4840
1542
2187
617
701
3120
1084
2719
2597
1129
1431
2686
604
4298
3465
3460
3926
3335
1358
302
2028
4416
403
4202
2594
2555
701
2889
3437
1141
1586
3879
4986
4472
3324
235
2397
4484
804
4951
4908
4277
4755
963
4833
131
3000
2751
4062
2140
4903
1096
3686
4080
2879
2325
2042
2268
2578
3637
3166
4104
1654
1827
2268
2846
2434
1267
40
3136
441
4100
2941
290
1081
697
3047
2609
1644
4859
1241
3519
2336
2168
872
1963
2497
4909
2854
4170
1573
3031
1946
3000
2177
4359
3809
3048
1943
2758
1221
4798
310
407
1243
176
3297
4627
4545
4479
1553
1168
2663
1270
1532
4317
2473
4056
4098
3219
3241
3179
2642
2144
4345
2022
1355
1449
2548
4410
2455
1936
2885
18
3531
1538
1466
1364
4341
2842
2235
4094
1451
1591
299
848
1659
3065
1799
3291
4672
751
3325
4162
3299
4779
2713
2166
4329
1283
4102
2755
975
2515
722
1963
2222
973
515
880
4942
1103
906
2729
940
3525
3874
4279
3134
4808
3736
3829
4874
1272
4593
3734
4008
3737
2133
627
1435
1919
3661
3877
2658
532
4511
2198
2772
747
3208
336
4772
2601
1349
2422
3140
823
1816
3003
4272
4476
2586
1243
2910
980
1197
1299
3301
636
1462
130
133
3812
2866
2657
2829
2355
4587
3032
4128
1333
2019
2428
3909
952
1436
1439
3330
1485
4046
3330
4828
4335
2537
654
1593
536
4781
661
3855
358
1919
201
1390
3423
4038
884
1021
4904
4559
4881
600
792
1076
3398
525
3872
921
110
4603
914
383
3863
183
2283
1782
2931
3918
3429
2925
2678
3502
2199
4272
775
2154
3287
4593
2921
887
2945
4926
3829
1193
2952
618
561
1955
2476
1419
4704
111
2723
1103
3135
2535
1675
313
2740
4526
4482
2893
2972
4083
3682
65
2069
4496
4027
251
3537
2170
4344
4354
4923
4836
3969
45
4495
2631
2239
2870
2778
3786
1312
899
4529
4078
4274
1831
4253
1329
2117
99
4409
2267
3159
183
4403
1825
3995
3437
2962
167
3080
3552
4442
512
2477
1377
3952
1827
1894
691
110
1739
217
1594
438
2331
466
3359
3439
1269
4485
1256
4746
2324
2047
577
3890
2326
4853
1370
3930
1207
3077
59
1844
3303
836
985
275
1564
1315
3996
2087
3847
3969
3989
2477
351
2041
1166
3326
4464
2297
1944
4152
1559
2384
1211
1232
3761
2935
334
4578
4168
1810
4094
194
4121
2630
769
109
900
1793
4799
3106
3077
4812
2792
5
2002
2727
4175
1342
1606
4411
2359
975
3707
2133
1909
1506
3375
4692
797
2880
2975
754
671
2277
631
2299
890
297
407
1568
2098
3594
1599
409
4598
1054
4
2860
2994
1662
1032
2312
1611
562
3618
4827
2038
3802
3693
1424
2331
2158
4570
3965
819
