4880
163
3896
2295
2714
4975
520
771
3635
1147
1850
4170
1583
1104
4133
2580
1543
1532
2126
1729
1720
1963
169
2519
2619
2959
4677
2326
1584
3827
755
2676
138
2420
1068
3515
4662
203
63
2192
522
3712
4212
3740
3994
4323
548
1285
4488
2939
81
2593
4863
1616
3638
4887
4211
3130
7
1790
2625
4194
3101
730
510
4653
3857
996
4414
4694
977
3035
1524
283
1545
366
2817
3345
782
2609
1019
2090
3359
3577
4672
500
612
2040
1360
2881
4426
4308
2850
1460
181
2484
3979
675
1479
2671
3914
1521
4166
4238
862
4642
2440
774
3618
4647
3928
3900
4638
1616
1689
996
694
3942
35
738
842
2907
3628
4007
816
2662
471
2520
4286
306
2939
4920
2885
1763
1111
1018
2093
704
1862
3317
606
476
4808
1628
2623
1417
1094
1357
658
4771
4546
1888
4108
1506
1009
677
479
3514
3625
2684
811
3860
2027
4939
3908
4281
3755
288
3894
520
3346
4917
1017
3276
976
2707
3905
2210
4029
441
3228
4757
746
3734
661
3968
972
2071
2107
2740
4722
2701
4253
984
2071
4712
2614
899
4918
1775
2769
2731
1966
1531
2921
3562
920
4729
1560
2972
1281
924
4150
1565
325
1302
642
2446
1398
3152
4551
1490
3099
951
3391
3693
778
789
4587
3476
4797
156
3215
661
3617
1933
2802
4085
1374
4727
4391
4769
4173
245
19
2130
4790
3712
2270
3094
533
2580
2433
3677
2112
440
2893
4010
1265
1575
4653
4009
1155
4190
4059
4411
4696
3016
3185
378
643
4883
2663
2700
2504
2908
3805
3230
1891
3665
1288
4137
704
3615
4174
4927
1364
1141
3537
106
2516
786
839
265
2204
2326
4602
4896
2899
1659
1446
236
2670
1368
4186
4445
246
2589
3295
2771
1343
3355
642
1068
834
2427
2606
1754
4386
1371
4729
4353
2294
2117
1094
3158
1527
4387
2312
2199
485
467
2732
2523
152
461
2930
3698
74
2272
4622
1682
820
4466
3770
4180
887
1574
2068
1951
2266
4013
2026
2476
2170
3479
3057
2164
4166
1406
1003
523
4548
3087
855
844
1450
739
877
4384
3608
1162
2480
2970
1892
261
2654
3343
4407
3750
4459
976
972
2047
4889
2555
4231
4214
77
2637
1589
347
4066
4510
2165
2916
689
2601
3852
4516
1630
4708
4803
3469
1256
2678
2265
4765
749
985
3225
3038
2132
3078
404
797
735
1157
4888
4532
361
3127
1342
1191
307
3824
1026
4625
3400
2695
616
2795
238
1184
119
1517
4831
3717
1645
3422
4976
503
2384
4486
2449
1559
4985
2048
520
3542
1091
2231
1512
4687
1454
2583
3122
2127
1041
3982
1670
4472
177
3333
1617
4155
508
2138
55
3104
3196
3076
1232
1519
1501
682
2764
2918
1375
3971
2311
2952
507
3047
4312
897
1440
3638
4745
631
2743
3644
1463
3072
3515
1954
1411
3324
337
4058
369
4521
4710
4054
1224
1537
334
4180
470
3129
4960
2987
1317
3584
1898
1233
4168
2871
1318
4425
2453
4443
1247
1338
2825
3624
3702
4580
3877
2927
4218
532
3594
1210
3485
766
4756
1924
3091
3354
1001
2362
4524
4809
2544
2147
4344
3239
2040
1506
284
4134
1314
1495
4335
2063
1061
3331
687
3264
1109
2325
1015
3488
2245
547
2679
2904
3498
2585
2470
1039
2626
533
1175
1023
2663
2029
3519
1673
3262
3129
1828
2098
1856
3073
3858
4108
181
3094
4298
1627
1566
2169
3037
3627
3078
4364
3561
2928
4489
2112
777
4001
135
2013
4147
3021
4740
1786
2079
4065
4565
3965
2488
120
2497
2733
1236
4719
3893
4574
4606
436
971
3060
2590
2825
772
2111
3306
1735
1450
4247
3372
3362
2612
1494
1480
958
2629
2528
3416
3
4340
2167
1267
1278
4338
392
237
2382
283
2014
622
2291
3292
4301
4325
3520
329
1512
1212
968
1220
491
397
1282
2845
2521
2473
3374
2997
384
359
630
1123
2717
414
2546
4305
1872
2025
3513
1830
345
2660
664
3794
1765
2270
2871
1773
1462
1923
2981
999
2477
3978
2021
3013
4110
1905
1936
3818
129
1276
2960
1634
4013
4588
4659
3384
602
13
1895
1107
64
3916
1902
4724
3482
3627
4068
4939
1170
2505
29
915
384
496
4544
4334
2901
429
2613
4439
1658
989
1022
3366
697
687
2275
532
3244
2511
3408
194
1239
1898
2167
908
1539
4424
339
3629
1159
124
2086
3555
4923
2766
1681
618
1669
3140
2585
3862
3966
3797
1839
989
1707
2275
4706
1819
3933
439
4941
1492
2994
4063
3783
3241
40
963
3614
3293
1851
2273
785
4550
3244
2880
3295
4229
2733
855
2299
3547
1232
3614
4957
888
2190
2475
1258
4150
150
4772
4857
4908
2752
2157
3145
4411
3202
3628
1076
915
3207
3373
4149
4312
340
562
33
916
4850
2962
336
2311
3443
1852
3302
4256
4506
1372
4603
2871
4676
766
4802
19
4275
683
2742
3732
2350
974
1551
4704
2168
4570
1782
4407
1948
107
2330
4774
2642
2492
3308
3930
3535
1001
3007
2405
4149
918
2701
4815
4297
4406
3592
2709
1350
3591
1647
3125
532
3189
4936
2286
1842
2810
3551
1555
1512
2025
1106
1908
2184
3395
2064
2127
3096
3251
2233
1481
3653
636
4229
2446
1729
2318
2834
3282
2318
511
4921
248
870
1038
3764
4798
2889
4240
3128
2633
2311
540
2482
4838
4960
4142
4388
860
3432
2168
3062
2226
2800
788
3296
2398
2082
4617
1758
717
1315
3313
1579
1664
2045
3883
1441
3185
4167
165
2958
811
3051
2432
2098
1448
1160
4548
885
3835
308
4567
4921
3989
4005
3668
1535
3141
556
1613
2692
4996
83
4573
1473
2272
3758
2572
2054
490
1380
304
1070
2728
2644
4948
3082
2810
3861
3942
3376
2677
2766
1207
2150
4558
3274
3213
1924
