327
4023
390
1874
1233
2420
302
479
191
3111
4711
2804
3154
3686
715
2442
1306
1337
1667
417
4240
3414
1712
4748
2769
2820
4936
4900
983
2011
3508
406
2664
1289
2562
3763
1418
4275
1464
2101
1120
1778
1622
4698
4076
4828
2711
1359
28
3995
4848
4323
317
1383
2383
1278
3086
2232
2892
4766
1650
970
1722
4478
1876
4959
1936
2666
187
1094
2174
4313
4469
4273
3531
2785
3491
1558
3652
4188
1712
4448
323
1803
1987
4448
4689
4649
3440
2747
1666
1277
4116
2020
1998
4272
1240
2894
864
2438
2164
1671
128
789
787
1105
3095
3394
3051
3320
2502
2841
938
2918
4622
3974
1796
3779
3047
1692
239
3488
2905
2651
4224
1370
1185
1089
2279
2318
1970
4567
4086
1058
260
3501
2777
368
3457
940
4448
4745
321
1603
1035
2894
1093
2583
4124
4403
3382
3721
1840
4989
1003
4096
2254
1149
3325
3380
4468
377
4469
3186
1199
3990
2915
4566
542
2736
1528
2029
999
765
4195
2214
1677
1484
3889
1573
3664
4030
1630
1641
2224
3627
84
2541
2885
3347
542
3873
442
1350
1550
634
342
83
4782
4835
262
112
629
3017
4764
4352
3312
2514
2561
1290
3541
4232
3252
772
793
4137
2743
4625
4285
1654
3393
2305
4932
4827
1525
3512
4755
393
2919
4091
1793
4376
4185
324
2271
3755
4225
1586
1654
2976
1987
922
865
3359
2249
4040
823
1712
2164
61
3292
2982
3868
342
242
3746
4542
1330
3673
3729
4900
3830
3929
4241
3042
4845
1713
4625
2875
1852
2931
3950
3430
4208
4426
4566
2153
1842
2237
328
1640
1751
1689
1314
3124
1529
4064
823
1027
815
4325
3221
4004
3248
2768
3331
1842
4184
3379
4512
2190
2132
1609
2980
1856
1310
3166
2205
2380
252
2736
4371
4549
3338
4921
3550
1720
27
463
273
704
1546
690
2404
1437
4187
4567
1221
706
3707
3584
3981
4178
1876
3251
4677
3599
2128
931
2850
4709
3062
357
665
2914
1346
4578
3190
1111
1366
3631
529
4244
4953
799
433
2105
4703
3591
748
1483
2425
218
1303
1896
95
2629
2373
4941
698
610
79
1784
4554
837
4964
1298
3383
4765
2880
2342
1391
4826
4556
422
483
3295
3079
4908
633
779
3431
2040
1453
289
4224
2581
4100
2420
1370
1568
4341
2506
1628
3114
2292
758
911
1725
446
636
3177
4862
1488
230
4740
4623
3691
2751
4071
2724
221
3252
3189
2470
3318
4472
2050
4788
3545
3192
3193
4630
877
2947
3064
4965
4093
3804
1212
884
652
1792
4320
803
2940
83
3506
3386
2189
1131
3471
3322
771
3623
2927
1831
694
3307
1077
1720
1222
3694
3854
1631
4407
3510
2543
4899
1133
9
3153
3734
3669
2657
1676
1438
1617
1991
200
1410
3738
4488
3375
4936
4921
1225
4591
3883
170
4809
2991
909
4701
399
1785
3223
4001
4518
2052
607
4888
2934
1276
2457
1713
4317
1074
2643
2811
4780
1688
3462
2396
2912
366
4252
203
1817
2573
4634
1378
4661
668
2884
3337
4515
3395
1743
3280
595
1487
3932
2225
1070
2927
1459
2371
2887
2037
3827
3872
1774
474
3833
3410
1381
1135
568
211
2906
3261
538
4695
3838
1180
2792
2965
3606
960
430
3266
4554
3272
2633
1876
4432
4167
3932
1005
2755
4665
3392
2403
3646
3749
1449
67
4262
4604
4828
47
1000
2171
3900
2899
4835
4548
4382
3204
3590
3327
4728
2313
536
912
3142
2835
1582
1932
1434
3154
3413
4482
3501
2230
227
168
999
1943
1338
3921
426
4673
3676
1664
3077
2533
1599
3901
820
4751
924
4460
1773
4426
3001
2430
1631
828
4284
2872
1346
3571
4185
4742
1175
919
2465
2954
4705
126
4220
1477
1792
3520
1302
3886
3221
4943
4663
2844
1212
4102
4757
3675
4057
1595
743
2762
3479
3416
351
2648
4544
3353
49
3931
497
4955
4693
4783
273
4073
1392
1335
1175
2369
2010
735
4809
3896
2151
740
3331
4
4278
639
3947
3014
1043
43
3588
1290
2089
2769
2341
1361
4949
1113
3388
64
3447
2895
1255
2060
3894
407
4773
720
761
585
1302
3020
538
700
1995
1596
2493
2924
4303
4981
4970
1870
1380
2781
456
3037
2873
3506
3273
3548
2593
3927
2553
4328
726
4602
4658
1219
573
1087
437
2476
3712
3140
2915
2338
963
4098
186
438
909
3495
1258
580
3372
1599
2148
2801
3158
4968
2413
774
556
2024
4721
196
2128
2423
4648
2342
3803
3068
53
3349
310
3255
2531
3764
512
2888
2700
4759
3611
2587
3356
4008
1640
4841
2196
3472
3654
4252
3248
3460
3252
3499
1132
3421
3857
272
2497
29
696
4260
4850
736
3580
249
3162
3157
4233
238
1321
3993
4438
4405
4498
3181
3744
3470
1595
2705
3058
4875
3722
2123
4750
4731
4348
1910
2146
4341
4584
792
3967
555
2965
201
3235
1675
386
626
3527
557
4622
1841
3214
3260
3484
4088
3157
4472
422
3714
4066
771
2661
1934
84
2359
665
2422
670
3562
3291
3102
4574
3772
2129
114
1319
1450
3935
3754
4901
1511
4981
939
3125
3147
3234
4634
2451
4148
3540
2336
540
447
644
700
4369
718
4438
916
265
4749
4769
3319
2445
1410
2445
3378
996
2433
1504
4606
3413
2074
4968
4724
3747
4185
2024
2341
857
2217
644
446
4049
4098
3785
4879
1224
2640
504
4119
166
3791
371
398
3194
2731
2586
858
3199
2545
2475
1635
3473
2185
3320
3347
1010
4531
515
4211
214
1200
2034
1948
1371
2271
3664
2449
367
3585
350
4615
4632
1016
2465
2902
4653
2399
3023
2284
2025
86
3474
3565
260
3000
4199
2886
3595
2589
1364
2516
3815
2777
4613
2909
3961
4206
154
431
370
306
3379
2487
1424
2122
4759
3988
4741
1841
4992
1330
