3664
2126
2996
3854
2518
70
619
4898
2820
3448
762
1992
4356
2168
414
3318
3102
1578
578
829
4939
4547
1298
822
3923
4059
1836
347
822
3616
1083
1135
2472
263
448
2178
1799
4203
590
3576
3581
2105
3964
639
283
3618
4009
2179
1776
2243
1138
2212
1930
4582
4747
4432
3954
3121
350
2298
2520
4958
3307
4355
3301
2495
4213
4163
3709
1820
317
2899
1811
4927
4848
1436
4559
3535
2972
2895
1603
3078
4858
442
3590
4921
2322
4704
3292
968
922
272
1639
3686
2194
4384
4766
3268
4828
3365
129
4595
2345
2354
4734
2696
4776
614
3993
4752
4145
209
1362
561
3407
690
3880
1714
1888
2212
2713
4528
131
2259
4452
3663
4373
2786
4664
3742
2942
1807
4557
2032
4251
3074
4810
33
1833
1932
738
3619
3217
4161
3830
209
2905
4417
2808
903
2288
3103
717
2002
4160
3943
2216
3450
4012
2756
172
1798
296
230
2439
286
110
776
3997
3598
2961
1329
3407
1712
71
4324
2218
318
4728
2856
4374
1902
4043
3631
4954
3750
428
172
3449
3634
4165
4351
726
3070
2817
26
1760
2880
4743
4885
4909
1069
2282
556
4835
1359
1339
2671
2003
4478
2164
1407
3926
3528
3240
226
3202
1637
628
4577
1149
4498
2314
555
2050
1216
3261
4189
2655
3163
1403
3105
2649
3319
3212
2633
2180
2975
3926
1649
2535
3081
3432
2976
1438
1942
2529
4369
4739
2075
54
328
2234
2072
814
3585
3844
1799
2032
41
2261
4860
4651
1564
3022
3927
2568
624
4651
744
2904
2434
4402
4113
3183
3425
3780
3176
2767
3938
3496
4077
3598
3443
1815
1335
3223
3868
3005
1454
3664
3750
1181
2218
791
3312
1721
762
738
1898
3471
2015
1819
1563
286
477
4536
4078
4302
1993
2784
3174
1662
2213
4721
3178
1423
574
3608
605
1753
3127
3658
3283
3438
4151
3736
3717
810
3875
369
4665
2542
3101
1056
4876
825
3281
4550
1209
4876
1798
1412
243
2978
3016
4105
3417
51
4951
3563
4989
4705
2690
2520
75
3217
2471
159
3477
4329
987
1283
2134
1096
2858
4592
1009
3101
2011
4890
2114
614
2389
4302
4191
345
1507
1187
2566
4094
54
4269
2922
3569
724
2888
3024
3152
1146
3511
1872
1786
3095
4647
172
4369
830
837
2906
2106
1105
3867
1462
599
4319
4179
2478
2458
2960
911
2219
387
1713
2944
4144
2207
223
1079
2019
4029
383
3194
2220
2354
4405
1996
2865
342
2964
3018
2289
1769
4432
2020
1617
609
3789
4120
4567
3904
764
2934
3891
1345
4560
899
4565
710
1490
2897
4104
3567
3303
3635
3181
571
2410
4744
1496
4271
4981
371
1799
3748
4890
4920
105
807
3751
3310
4251
3155
1211
557
3293
3853
3720
401
1478
3514
1545
1061
2015
4637
4092
984
4518
4048
4156
3039
40
4018
2685
1772
2593
2236
4163
542
597
3461
4392
9
1225
2058
698
4285
1978
1518
2126
2329
638
3589
377
3055
929
4186
4064
3907
1668
3180
848
2213
143
1146
2332
2362
3542
2385
4950
3562
1001
526
2946
616
3371
572
752
4587
2365
4306
464
1104
4059
1388
535
4932
2841
3914
2548
3963
1603
4893
3803
1598
407
1889
968
1709
4500
3524
1481
2302
2238
2015
3
834
77
1505
3098
4429
1389
3200
3641
2167
3076
4641
4223
4255
903
3202
1563
3431
313
2279
3557
659
4388
2863
1681
2912
4662
2953
1457
2620
4
3497
2048
334
790
1257
1606
4612
4874
551
74
4850
1765
3953
2890
931
2658
961
209
4329
326
909
1367
2132
2016
1159
4715
2960
2334
2459
2963
4328
3776
613
597
2704
444
4729
670
179
2868
2471
49
3925
2895
116
838
1152
3797
4825
1641
2280
2131
2995
1617
4821
3241
3842
697
949
4624
327
3679
325
1445
1093
2957
236
3581
1566
3955
4634
678
952
3230
547
4472
4318
3699
2442
3140
2331
2787
1557
682
3285
3677
787
628
126
2997
73
519
2514
2863
1878
155
1149
2278
990
2282
881
1637
2534
1474
3276
4517
3695
4366
32
4658
3094
2103
2200
709
2941
636
1676
1509
3005
1605
1985
4809
4395
2185
1524
687
3481
2957
3877
1995
2143
1409
3991
441
4571
735
610
761
4759
1209
2359
1994
4196
3815
578
4467
3253
1080
1363
3608
2133
36
51
1937
2441
1459
159
2078
2943
1126
2288
114
2810
1915
1574
3219
4704
4270
17
3655
301
4931
2556
184
4999
2322
834
4299
4370
4461
3643
3064
2267
4048
4163
3813
1068
302
1891
2371
366
4757
1736
1846
3817
194
3994
1034
729
2202
3416
4705
1801
880
1880
1244
76
3153
2899
818
2471
4147
4313
2013
299
1118
540
3603
2010
3078
2413
2819
3752
3101
4586
242
2710
4753
3201
80
4954
1666
889
335
2171
3241
527
2971
2308
3177
2931
152
4590
1746
146
726
3892
2187
2164
3130
1096
536
105
630
2903
1725
2251
1014
1039
1084
3394
4207
3849
1649
4236
2541
3383
4303
1572
3495
1491
3861
2513
4748
2240
2265
1106
4619
2814
1991
1060
3314
2197
1886
1957
3269
2886
3263
618
3437
2932
2382
3545
2644
383
1727
550
4019
3105
4937
1868
4607
2285
1678
3863
267
3453
4606
4016
4930
2461
3261
3194
1694
345
4174
566
2280
2473
3366
129
3326
858
1254
1904
1109
4997
225
4888
3910
3069
744
2459
4770
4952
3796
1815
2112
3262
4300
2542
413
2301
3211
2393
4919
590
74
2533
3286
2987
4013
4765
4433
3898
2354
2054
1299
181
2737
4962
2652
1131
895
1743
4681
3418
536
4075
3205
4870
237
3938
516
1600
3798
2133
2658
892
1060
4833
781
1492
4175
1250
3274
2712
3450
4475
3878
4963
1515
3945
4985
2075
2369
3461
417
110
2129
4798
3970
2657
4078
