4476
958
2779
1809
2983
1460
2452
3692
3783
1937
4383
886
3299
4380
773
3979
2441
3190
2534
4048
2628
2808
2334
3074
2360
4520
1156
3635
2655
1756
352
2250
1355
4614
1308
4948
1662
2822
2470
1621
2500
82
3587
3772
4377
2667
1241
3195
502
4935
951
3712
3689
1745
1769
3944
516
483
340
3296
3277
1701
40
300
2258
3234
4445
2858
612
3405
2592
4415
572
4058
3304
4229
2288
4414
4015
808
300
4220
4370
1844
299
4562
3907
3381
4416
1590
1318
1263
1029
3715
4020
4556
1250
2054
2851
4978
904
868
2811
4997
1815
1157
1911
3712
3068
4005
2336
2222
399
1207
285
3289
1646
3681
3704
3924
4522
533
3548
1928
2425
1288
4082
2631
3703
374
2428
937
4379
1748
3518
341
68
809
2980
2791
741
2030
4206
490
510
4784
3328
3098
3030
4148
4136
2456
111
89
1161
1444
2250
1122
551
3611
2202
976
3616
4477
4577
3485
2095
4775
3579
4472
1075
2566
3935
649
1293
1882
3564
4759
401
592
3250
3706
2921
1331
3592
1834
2761
872
3260
4691
4969
2339
1561
3837
1945
4473
1243
1537
1757
4844
1710
444
2138
1450
3866
4517
4438
4901
1390
1539
4728
4305
3763
88
2579
4586
4233
2572
2214
401
472
472
2180
3384
697
2939
4826
3666
845
2836
2704
2657
603
3244
4294
733
2706
822
4422
1452
2719
2310
4847
3764
2789
2957
4519
2482
1838
3898
951
2784
4335
4818
3764
1088
1457
3510
4093
2848
2890
1269
773
4747
2015
4861
525
2261
1841
2531
4094
1960
129
412
3069
4304
2615
2533
4666
4347
1341
244
4824
3506
1095
926
4840
754
3205
351
3744
323
1786
2327
1080
2308
1342
1515
3469
1882
1780
4481
2587
443
2137
3363
4216
620
4309
2590
1511
4375
239
3241
1462
4358
3741
895
2994
2081
4630
1016
4246
358
3588
4461
4227
426
4870
4750
3053
1112
2544
2506
4692
2300
4324
2637
3566
1712
3756
3606
3658
197
2152
3220
4175
5
2085
3244
239
2612
2876
4326
2677
270
1734
381
1737
3365
4482
2833
95
199
4626
1404
1614
2016
4998
746
4538
3162
710
3910
94
1332
95
1771
1445
621
4077
1392
1231
3744
656
2563
2581
1821
2946
1385
4246
2379
4480
1403
3128
3495
4545
1872
3910
2194
4807
4435
2462
2196
2152
854
2358
1954
4634
1371
2028
2037
176
2054
2034
2686
1207
3157
600
1617
4772
4690
4025
4134
2995
4633
4486
689
986
1670
2186
4073
470
35
3361
2011
872
2774
4128
2373
4257
927
4946
1485
177
945
3614
3808
3080
556
772
907
989
1588
4825
2038
677
744
793
1342
2552
4779
2511
3505
3619
4025
1289
2654
411
2861
510
2905
2117
511
2184
4616
549
1199
3720
2961
265
1827
2253
2913
4399
1974
361
4420
4212
2810
2491
578
2348
1719
763
244
1769
2593
687
2977
3523
261
1927
3395
4962
3358
2815
4228
878
411
769
3861
4892
3826
2504
4888
4420
1775
4316
998
4909
977
758
891
1429
1431
3142
3423
317
2258
1595
4271
4205
2166
238
1903
2047
297
3093
1548
4927
2126
286
608
2887
1807
546
195
4909
745
4936
1435
4286
2444
4993
782
2049
434
646
356
1153
4533
3380
3284
2934
177
540
191
992
4208
956
4946
2103
1644
819
3516
4725
4343
4462
453
11
3839
3096
1952
2059
23
1631
4982
2327
2340
492
4034
4652
3115
2788
3330
403
1555
172
3686
3233
1960
2293
4312
705
1277
852
398
3044
3088
2478
2836
3295
4168
973
4933
1014
4320
2757
2990
1737
2829
2889
4331
2989
870
555
720
1897
124
4653
2537
2729
2031
517
754
4133
2248
1518
1253
4946
2410
2728
3406
4634
3180
4606
1148
380
3706
4362
4903
592
3
4145
4183
2003
75
1186
2052
2369
4544
4169
3807
3685
1990
3327
1441
2774
127
320
1970
4724
2720
1226
2943
14
2895
1229
2228
4285
2387
3767
794
2063
3372
4540
3296
4765
2665
4336
4441
1385
3015
2839
4516
585
4058
3636
3381
1592
2649
3535
4012
3778
626
3196
4188
1364
2032
3770
2924
2939
17
164
4436
4742
928
3854
2033
3722
3049
2388
318
3931
1529
795
4642
723
3971
3422
2998
881
2532
2052
893
1127
2378
4634
287
1542
3832
2106
276
3963
2525
1087
675
3277
280
105
593
1353
354
3535
3944
1461
366
850
4860
2823
77
2152
791
2348
923
3598
3011
1653
2921
4710
2985
709
576
1931
4246
245
106
3057
3991
1276
1167
4285
4266
1164
1000
4936
1714
2627
1837
2549
4563
1522
3650
2087
2020
2537
1784
1263
1959
3155
4702
169
1964
1044
1136
3484
326
745
2509
1473
4442
2361
1096
4353
4765
2797
1061
139
2763
1418
2864
2299
509
2861
4102
3753
1810
3197
4060
3867
914
1545
2503
2221
166
107
4234
3377
3058
4631
4868
2836
2110
3549
3555
3069
1014
739
117
4578
3631
4955
1400
3821
2762
362
664
4327
2545
78
1191
3433
759
2663
1964
2582
2359
4651
1663
2811
2157
931
1604
1377
2362
2106
658
4382
35
111
4046
3015
274
1621
1928
854
3280
4845
1882
2380
1886
3048
2103
4601
1379
3454
1958
2832
1531
4094
1438
2714
918
4863
730
789
889
427
2589
55
4739
2013
3255
1244
2657
3076
746
400
2897
901
832
25
3049
4295
3297
1842
1234
2820
1706
2889
3204
1120
949
3264
2032
3738
184
1841
1713
4445
2557
415
370
3239
1571
1591
3721
179
3704
564
4528
2044
1144
2726
1966
2589
2301
3894
2825
2755
392
1294
3809
3459
4834
3587
1900
1004
1427
4167
4054
892
4505
2129
1564
943
4859
253
2152
3663
1624
4237
1870
3231
4714
4934
500
1715
4342
2713
4527
363
3514
2691
472
2037
2092
3158
4556
