262
2209
2352
2285
1955
4276
4541
4328
3959
3580
4059
1161
4742
3694
354
204
4006
1083
1208
3297
3666
4571
4610
4940
3661
2144
4863
3034
1953
2058
4374
4956
3230
587
3363
4314
1829
4658
628
2266
4816
1184
285
2678
2579
266
2187
1112
4464
2646
479
2039
3768
1042
4088
3674
2445
462
4954
3435
1076
2133
4717
2579
3834
31
4568
889
3626
3594
1254
625
4803
4799
667
1366
3978
2535
2810
1064
1080
1487
2024
4094
3478
2948
292
2803
1274
1168
2911
4816
3480
1734
2435
3217
328
3963
4273
1466
1687
3212
219
4816
2220
2273
692
913
4487
3022
1094
2744
2656
1674
735
3677
1248
3835
4968
794
4817
910
1363
4705
2987
4275
2231
1216
4276
326
1717
710
654
1192
365
3093
2726
4054
1645
3896
150
534
3253
3185
148
4015
3357
3413
3457
2771
2222
3092
264
1579
2768
2094
3017
430
3903
3751
2832
3611
3685
2374
1789
4648
646
3449
1580
3926
4624
998
3696
235
463
4639
1481
4386
1671
1399
1666
3614
2821
1696
2309
3529
998
3771
2636
3693
2082
1461
1368
2664
4391
298
4797
3818
4696
3993
3277
1999
2510
4428
1190
7
2502
1438
3498
3279
3802
433
1257
3631
3641
4613
1293
2135
1367
2497
3551
3519
4257
1806
4077
1293
3979
4810
2236
316
2019
4193
3206
2113
4303
1841
1919
2427
2275
3579
286
3958
1012
2352
3389
4135
619
1256
2337
3055
4183
3895
1294
3872
3242
3815
676
1803
3068
3209
3930
2850
3895
4030
730
1003
3892
1317
2844
54
2761
982
2002
2160
376
176
3420
4269
2397
4049
3134
2596
3591
1288
3524
3442
3511
2854
2152
3968
367
1218
3516
287
2458
2793
218
1540
2705
4624
782
4760
3359
4735
3838
1114
3151
3811
4956
1592
2592
3066
2966
3513
4626
4805
77
439
3772
500
2050
4569
139
746
3236
3312
1537
3037
820
1573
1133
3425
2585
3240
1789
27
3176
1985
30
104
4264
2451
3950
3512
2778
1661
1145
4052
2878
1630
3442
1155
727
981
2204
4827
3592
2538
3599
2845
1321
3654
538
4711
2001
4277
499
3061
2588
1538
125
1665
2161
4927
3984
1729
2251
4216
3029
2122
229
4838
3867
1252
522
4096
4953
4755
197
3719
1934
1057
686
3769
1241
3475
4321
2828
2976
3394
4535
642
3967
4082
323
582
2363
3161
1818
1633
4074
2379
4191
4159
2977
4730
2971
2154
177
2260
2503
2179
2889
1919
2820
1989
910
2644
3004
4981
4422
1899
3479
2203
3750
1592
600
1963
4363
275
3285
235
1914
745
2038
772
2364
1386
3287
3075
4963
2981
1662
2598
3300
2834
743
4236
1597
1867
4437
2169
48
2131
1038
4912
3173
3719
912
2935
2273
2620
1240
974
741
328
4007
2930
3542
4355
1809
3948
2412
3741
2859
786
4188
1058
517
4338
3819
899
3371
1441
278
3375
1384
3218
3360
1061
3235
3136
3558
2877
4159
980
1894
4778
3413
3
325
985
109
4983
3296
3169
3901
641
4178
3959
2599
2821
4259
2457
3793
3723
1651
4574
910
3472
247
2483
3926
3053
3674
945
4254
4338
4795
1202
3322
3878
2088
735
3642
2303
212
1970
1834
1534
1336
2548
2198
2528
1437
1030
1114
2658
2142
2651
2440
117
2645
3640
4197
1692
3157
2521
1417
2771
393
3886
56
1629
1075
3103
465
1069
4873
4058
636
126
23
637
3703
4962
1980
3202
4887
4941
2851
1688
55
3714
2896
4493
4211
1066
2020
2019
2609
106
1584
3218
575
4307
3597
3797
2869
82
2521
2373
3542
3866
3738
4549
925
479
110
1431
4916
4659
621
869
4593
4991
2911
4555
494
742
3501
2428
3510
3067
1867
2747
1299
4741
926
3462
3672
1758
1405
92
60
2348
724
2654
3977
2137
2805
347
2560
4976
1650
3175
3590
1580
185
3049
4630
3999
1839
2763
2539
1691
3082
2798
39
536
3782
962
3673
398
1097
2455
947
3281
3778
1868
3732
1909
3077
1300
649
2885
4839
2982
2375
4303
2323
3943
2479
2262
4787
2632
739
1635
3763
1612
3095
2124
2806
2708
3408
823
2103
599
4245
2779
3188
3634
1452
4576
4452
340
285
671
4938
1850
844
3634
4192
3106
1291
936
1803
4136
3768
984
699
1494
3825
1155
4252
558
4371
4680
1605
761
4052
4048
2513
2936
2566
3103
1908
1556
819
1998
2385
50
204
3628
2197
4430
3699
2809
3610
3262
2256
577
1530
836
2606
4357
4515
174
3737
1535
949
1861
2913
3156
4481
1940
4348
4740
1091
2479
4135
1798
2766
516
1053
4369
3085
4886
2475
521
3380
1559
1151
233
1097
1912
2003
3868
3107
4916
1714
1976
1179
4126
3926
1478
131
2458
1940
2853
2798
4380
3234
3325
1513
1092
4516
3461
1655
1588
3890
860
3035
2512
4397
4580
4729
3689
3059
4820
1581
4069
4746
2865
4466
2761
845
4310
1177
2049
4404
1527
2693
2863
3763
2310
4237
3668
277
3164
3306
3543
4884
2248
4554
3108
2770
2506
2577
2654
1283
1334
822
4437
2453
4690
3178
2701
180
2228
2752
3840
4019
4386
3986
2961
1330
295
2574
1324
664
2887
351
73
1906
853
1722
8
3889
1000
1468
1960
2671
2639
3049
4292
3220
885
3064
2343
4371
235
3813
2983
3525
3764
2203
4725
2186
2233
2516
4059
1711
2868
3409
3176
1909
2549
4284
2619
4604
2898
173
319
2740
1773
4273
3548
903
3660
2188
1081
3871
2716
3945
2004
1552
363
2816
3534
3040
4824
4151
2805
979
508
1011
4691
3405
3670
1521
2031
2749
965
4427
3606
3759
2019
3855
4034
601
2489
120
686
1031
3717
3016
3350
1674
2044
1552
1017
1410
3339
3697
3560
3210
3319
300
980
4074
4455
3889
437
2701
133
685
4026
1673
1683
1651
2274
1756
252
2007
3960
1159
2793
306
4561
