2471
4377
1166
3126
2035
1579
1380
3369
4695
4357
2723
1027
4124
4011
1112
3024
711
2444
3433
4460
2818
3882
758
39
4816
1884
4196
1980
3195
69
1606
104
2888
49
2435
3521
2030
3302
3251
1713
2047
3847
3010
4632
978
123
732
4268
4609
4805
1097
2768
235
3329
1999
1876
2452
122
4488
3998
3649
2046
2649
3578
324
1868
977
2978
3449
3065
2208
1747
1991
4819
51
3375
3556
2707
4040
1060
3246
4576
1672
2400
4528
3029
473
1254
1602
3478
3418
4879
268
3631
2432
4082
4037
4645
4659
2140
1358
1003
3965
3939
4912
4554
993
2961
4988
191
3188
1458
2598
4390
34
2072
3073
2397
906
3448
482
3821
1984
2733
4020
4486
291
4556
261
4010
2653
3896
1111
141
321
2512
1188
4699
4593
1767
3704
1206
505
3280
1962
272
4951
893
2727
3115
3829
3266
4945
491
2392
432
356
2283
1408
3132
426
2619
4578
3020
2507
4551
2965
4971
2548
4014
499
2060
4588
2912
3814
4551
1197
510
4813
3262
3840
3849
2281
1861
3034
4916
1498
1635
4252
4338
4811
1754
3665
1337
3712
2359
2343
2693
4891
3110
3049
1455
455
413
3267
4690
194
2042
1618
3829
2426
4661
4266
3052
1323
2792
4067
2377
2424
2388
3656
2542
246
1738
2305
3794
2688
844
2618
4690
1746
200
792
3712
3205
3905
207
4281
3763
3985
1298
3510
2065
3458
4463
3892
2250
468
3578
2674
144
4756
4943
2230
4932
529
4586
4997
235
283
4411
1250
3919
1570
1877
400
4457
4776
3711
4681
269
2705
4715
1461
4138
2089
824
4941
3943
3137
2365
2378
2536
3969
3806
4551
4800
4411
951
4651
729
885
425
2670
1248
567
2425
1080
2289
2415
501
3475
740
351
1147
893
4155
1787
1041
850
1029
2975
2466
3841
4429
3188
56
3535
3385
2982
2500
2293
2979
1236
2427
4972
1938
1414
971
2771
86
3268
1512
949
4185
231
4691
4581
3735
1630
4764
1588
2103
3090
2976
3757
231
4756
3196
1104
876
3457
1690
773
3879
84
859
1822
3398
421
2371
4028
2622
652
2574
2595
3925
944
4547
3436
310
3860
3525
3372
2285
3630
4770
1685
1669
776
1803
215
1864
3428
3249
1121
4449
3740
4334
80
4403
4347
1407
3784
1747
4872
3150
2900
3192
3932
357
1006
1638
4364
499
4683
1650
2787
1156
3970
1170
2935
2209
1045
2853
1564
2708
81
847
4072
261
3335
3407
2600
2693
4630
1997
638
1134
528
1586
41
1952
1882
3095
1470
1749
975
2209
999
3325
305
1349
1350
4037
4937
882
478
1724
1059
3109
4251
1956
4681
3669
2918
1391
150
3312
2185
1005
1835
3850
1590
323
3050
3057
4713
1341
1677
2976
535
26
1428
4345
4704
1647
4124
465
4652
1788
4414
2893
2279
3799
3636
3722
300
2908
1498
1649
2948
4995
4944
746
2925
1925
2131
2939
912
1565
3336
4176
3431
1901
4080
1571
4511
4113
1077
2578
2180
614
2940
1471
3202
4198
2812
2706
3464
3066
1658
832
3140
1065
1330
3764
3651
1860
4001
4004
3265
3540
2825
87
1815
1654
2317
3662
1988
2449
1683
271
3820
4279
4531
2033
4472
2089
4739
4469
3979
3600
1046
2168
117
3166
1291
874
3445
2852
661
3549
215
1065
999
4768
4204
2332
4842
3699
1251
4927
4528
4187
3543
4694
3354
819
697
911
16
305
3050
4471
2511
950
1123
345
4459
4910
530
2577
4532
3630
4095
3787
3935
408
2717
772
238
2370
2865
873
3170
2090
1176
3539
584
1354
364
1720
2016
2096
4481
302
531
330
578
3989
556
3061
1397
4965
3579
2573
4493
2234
622
3578
4832
2894
4774
2644
3708
1845
2639
1399
2149
383
2792
4046
3081
36
1215
3856
451
392
3976
611
4265
4837
1445
2045
2386
2388
4424
1442
904
2748
4643
1000
859
1448
1256
341
4890
4927
1133
2182
3389
2327
2074
1975
1712
4102
2787
3961
1109
966
414
1651
133
364
973
1344
584
554
1687
4796
3055
4712
1830
4224
188
964
1672
4605
297
4583
2385
573
4315
530
2964
2084
161
274
720
2949
3988
2268
2312
2518
1397
3651
3405
145
4004
4363
2878
3281
3147
1559
752
4998
2736
3533
4446
3472
3093
1332
1993
3718
544
3042
1107
3062
4202
71
1261
3890
3585
4846
2161
3212
2058
4035
1508
2883
4536
3636
2909
741
2402
2456
906
1766
3980
3509
1254
2712
1156
4360
718
2401
770
3702
1404
3444
3116
1338
431
761
1592
3811
2082
4800
1874
1284
4040
2865
4314
3157
1573
1895
2801
995
4397
4932
4319
4004
4725
108
3208
2103
2785
262
4642
3394
1160
1312
3889
4762
1201
196
4836
3607
4864
4726
4355
639
1132
133
4547
4815
556
2257
4807
4991
3700
3826
4494
1816
2293
3273
2649
1117
2807
1438
4184
2312
3539
4021
1568
2707
1024
487
3557
757
1759
3398
3075
4256
1805
4928
3561
2827
3996
2058
910
2519
1914
2932
3576
3061
703
2403
4258
4611
2529
1270
4542
4462
996
4869
2689
2076
3521
980
1604
4425
4436
824
2797
3607
2868
4970
3958
760
128
3323
3679
4083
3005
1740
757
1640
4919
2810
3318
843
804
3519
1501
2062
3147
3044
3711
55
3114
4427
2602
1204
778
596
4533
3995
1196
2474
393
4863
2932
4850
3155
4652
3639
1104
1572
2865
312
502
4533
1169
4364
3849
4205
1206
732
1531
2811
3864
3842
4034
2275
1084
4222
4084
3617
2966
4609
1753
2661
2276
4087
870
4447
2707
3574
170
4543
2090
990
424
4034
2461
942
2598
3958
3837
2142
2313
3765
44
4357
2193
3891
2234
740
2593
2459
3635
4281
3974
627
2305
2678
627
2445
1247
4290
4046
1776
4230
3940
104
839
109
3215
1296
943
1879
3281
7
1292
2782
3116
4750
3624
