57
3709
2203
3501
2392
2585
2016
3983
4089
4375
1564
2782
3881
682
281
627
3429
4612
1290
978
4388
4375
2279
1460
2657
10
3771
1235
3485
3401
717
857
958
3332
187
1049
3283
2898
4303
4895
1788
2069
4908
2990
1751
3721
3644
3016
4477
4301
4777
3027
3427
1327
2915
3889
2457
3651
3277
3115
1151
3401
2377
2481
232
4129
3908
3198
1778
4661
730
4486
4711
3727
2297
1472
847
1787
4069
2707
1398
578
984
4793
3863
1859
194
4597
799
3081
136
883
2961
2994
830
2841
2420
1608
2008
1133
4264
1008
4998
133
642
2102
3222
1728
1097
2779
2738
2076
949
1444
2383
2968
2454
1657
4287
1460
2960
1155
1406
1142
994
1444
3001
4501
3529
1519
783
1786
3034
3416
1654
4539
3323
411
1438
2582
2984
2879
4335
1880
4389
452
124
3505
3699
4760
1933
3111
3957
2241
4771
3309
126
3888
3573
734
256
4863
3642
195
1485
3174
4601
2932
4518
3041
1226
2529
290
3045
352
1068
3458
2381
2757
4257
1304
173
11
2567
3284
4097
325
3344
1947
2133
270
3319
4670
215
1980
3386
4791
904
1021
1374
639
2391
1829
391
485
3104
2007
4358
1423
1733
1671
3822
4337
1861
3564
3033
4901
3851
87
4610
3471
1420
576
2817
1668
1838
596
1148
2012
426
3470
2681
2680
717
801
2457
1183
1845
2120
4141
4002
2839
4557
1372
3806
3747
3678
4862
2874
1046
3276
2463
1102
1317
1238
4672
1258
2684
392
2947
2940
4543
1391
1093
3489
1432
1245
1937
1859
4787
1730
4147
2503
2377
952
722
3611
1186
3679
4874
597
454
1077
2006
1169
2331
3076
1836
4784
2341
1948
3053
2194
4721
491
2726
2592
2714
899
3584
693
1901
3909
740
2575
2474
4109
2610
1844
713
1205
1893
3657
859
2630
3951
1284
576
1220
1706
2740
3339
790
1368
3542
2360
2417
961
2123
4270
4399
4226
4001
2371
158
4045
2299
2077
4070
1592
2642
3486
4239
2289
2773
1093
1797
2987
501
2730
3226
4475
1430
375
1753
4722
2513
227
3837
1036
311
21
7
866
1194
946
4733
3968
2313
1863
3703
4091
1363
2995
448
4378
1211
2730
4138
4019
1852
2016
4179
4821
2636
1453
232
4028
902
1500
3829
3801
2679
178
2223
4555
810
4321
1363
3502
4674
990
4969
3864
2860
4300
2268
637
2561
1555
4056
951
2222
3167
1469
1468
2424
3802
2185
4100
2519
2045
3399
1664
861
272
3034
3218
1001
207
3246
603
2373
3322
4477
3644
2998
4665
1957
2371
1760
2614
2291
1079
3985
1877
2286
4768
1250
749
1496
2884
1875
2316
3007
4792
3303
1296
3038
4384
4446
721
1633
373
4746
72
2012
3854
535
2849
3854
3795
1481
3345
4737
2970
428
3257
4518
886
4253
1073
3891
4738
523
2148
2336
289
4596
3421
2792
1015
4656
4069
3071
4310
3796
2488
1881
2553
1453
4128
741
976
4490
1126
602
1302
4703
4561
2261
1580
4013
1869
1347
1237
3498
1986
4931
3059
4555
367
2684
3642
1805
2953
1829
1070
781
2140
521
4160
3039
2325
3269
1452
1135
3978
2266
4718
4795
2318
4782
2545
2144
1878
1479
968
2871
3412
3521
4906
4063
427
646
1835
3795
587
4027
3341
1816
2160
992
744
4696
84
1457
141
40
3768
4511
4576
1822
2616
118
2368
3352
2880
3381
478
3435
3055
4758
85
452
902
1158
1601
338
4886
2702
4379
540
518
18
2157
3873
2423
1297
2082
2468
1492
4186
1673
1278
1285
2174
3740
805
4656
2103
3913
2327
2256
4202
3720
1004
3060
1873
321
2300
706
917
616
198
2639
642
2361
4671
1090
3870
4074
1802
944
1285
3529
2697
1082
2988
3769
2259
4241
1438
3402
1916
3025
1337
1473
3439
2443
4078
2983
2388
1129
4635
2286
1386
3042
1983
3876
3242
619
3687
2969
557
3951
1501
2200
1538
3252
2259
4263
3542
699
3889
4911
3023
2636
4738
558
4206
1590
3289
4542
716
3685
2226
404
3740
4941
2831
3485
3823
3382
307
3530
60
3355
4854
1914
3803
806
1844
2775
2986
34
1588
3470
3232
4690
1244
1883
1705
3561
1854
2424
4410
3127
2069
3886
2091
3880
628
2977
2542
2346
585
452
4683
362
3926
80
440
3119
466
1182
3991
2923
1665
4205
1775
4775
2337
814
1159
3558
4902
1340
4184
3960
3100
1704
2707
4795
639
2708
76
2480
2935
76
825
1923
454
3815
2093
1735
25
2932
2892
756
577
2524
4056
2008
3855
3142
1273
2253
4852
2541
2487
4486
3484
3282
612
531
4118
4806
3194
1551
763
1849
4534
4776
3168
4890
2171
3057
861
1802
436
163
1451
1607
2025
1027
434
131
122
2325
71
343
3129
4674
660
4492
3315
973
1419
3957
1849
3959
201
2856
2227
1873
401
3215
2020
158
2465
2386
1628
2754
242
2666
135
4478
3943
4401
3937
1859
3128
304
767
2989
1380
707
1808
4014
4315
3311
556
2321
638
1120
972
950
3257
1673
1317
2923
385
2138
2278
469
668
1764
431
3454
4985
1663
2551
4323
4079
780
4172
1146
3787
2592
3620
639
3621
463
329
581
4989
87
4515
1247
4875
1617
808
787
801
3702
3942
3786
4874
2441
1331
2602
1016
1286
3335
1823
1872
3666
4515
3986
4890
4126
584
3551
416
3148
3850
2281
2905
3486
3815
1013
1090
2201
2540
3601
441
4532
867
2734
4683
4596
298
4535
4169
1341
3926
2351
3586
753
3698
2279
642
3936
457
1602
2574
2869
4667
1879
3392
4243
3283
502
639
345
4732
4355
500
1853
4827
3533
3690
1450
2016
2174
3419
2850
4596
2069
3955
400
974
867
3386
2041
697
4015
3215
4784
487
41
556
1699
4272
1654
1995
2357
4747
517
4460
4262
4785
2965
4264
4878
2727
2390
4053
1153
