4659
1293
2728
1160
357
2286
996
302
2206
2494
3125
60
1722
2802
2381
1683
1524
3417
2040
4912
1346
2402
4933
2605
2994
664
204
427
2221
150
1201
750
3557
4916
1745
780
8
3747
2794
4723
3986
3453
2926
2178
106
4773
1187
2736
329
4230
3265
3186
2613
1500
781
390
2130
979
4321
1242
1163
2011
632
4307
4951
1977
22
4119
2871
4233
3676
3396
2068
3592
1723
3290
3250
1171
2498
967
3573
3414
2157
1238
2191
3681
673
3635
3415
3047
2669
645
3262
3247
1582
2178
12
2433
710
3960
1291
1581
677
3182
3419
3797
4997
3467
2047
4554
581
2224
1658
1338
217
4316
1814
2098
426
2835
2859
3345
1316
2601
3744
701
939
3807
4173
1077
4348
306
2441
4535
584
1104
2360
3545
774
1185
2080
1100
4896
4452
1971
3353
711
1874
1948
4802
2970
66
1587
2530
229
3856
3333
3770
2280
1551
387
464
2545
2265
4975
16
3696
601
2072
2606
2411
2500
554
630
3963
4001
3741
905
4944
1186
2850
1967
4192
1500
4279
2965
4325
2080
425
1869
1310
1322
4030
4778
2562
3973
3913
895
4327
2954
1556
3721
1726
525
1774
1229
773
1844
4820
3844
3480
4033
1048
4578
1772
2533
2383
1159
3325
3738
321
2167
4542
629
1639
4788
2791
1941
4566
1358
4037
4453
3553
2627
2999
2804
2575
3348
1360
553
3361
278
1069
1695
4561
1960
544
2832
1318
2385
324
4720
3534
4010
572
146
1769
3468
4246
1790
4718
1316
2854
4439
913
3568
4874
3472
2193
3255
3025
2038
1399
172
747
4274
3042
708
2163
980
1604
4642
2134
2060
4924
4512
1642
1048
2263
4808
323
3236
468
2787
558
676
3149
4722
4633
3296
2000
3514
893
694
2964
2550
4691
4272
657
272
304
1497
3436
810
946
1046
95
3730
3613
131
3301
1645
4151
4669
3859
4861
1180
3575
1426
4682
502
1353
302
2225
3188
2829
2146
4576
2779
899
1076
102
1200
1067
4406
4123
3081
3202
3889
667
4558
4559
401
3831
3446
2013
2054
84
862
1521
3323
2590
877
2631
382
1267
1675
2957
3008
2899
2810
1530
3531
4777
3879
4865
4742
2329
1308
1177
4851
1357
1687
4518
2708
3463
4166
2697
103
4583
2963
4571
1063
450
3519
4260
1961
4125
3407
1638
2481
3635
515
486
1079
3013
3219
4406
442
3063
3292
231
88
703
460
3168
1820
3108
3192
4433
3820
843
4619
3245
1797
1634
4616
3557
3104
2984
827
3094
2739
2369
2523
2340
4345
2278
1258
3646
1400
543
3196
422
2356
4709
4993
4861
1561
816
4307
4107
4074
4016
4318
4369
2018
1086
1243
4707
842
2855
4983
4539
1902
40
1676
4354
4001
4779
3275
2901
1862
309
4796
3436
1588
3751
1478
2199
467
1033
721
1964
4418
2807
1966
2967
1711
1428
2224
448
2368
2175
2803
394
1507
2521
108
652
4565
4528
2237
4235
2464
59
2002
2920
121
4750
4919
1694
2750
494
3944
4337
4410
1292
779
3938
2140
4980
4505
151
3447
1716
3465
2059
2357
696
1181
1517
4568
1808
2315
2827
2037
823
319
4827
3055
1188
2986
4090
2287
612
1918
1320
2162
1396
1600
4014
3454
3587
3345
4863
3892
2723
3976
4368
1736
3201
4230
2353
3242
1703
2939
3294
3668
3401
1142
515
2605
3319
523
4357
1908
4897
777
2495
4441
2602
4028
3695
4289
1056
1928
2421
1160
3503
3249
4507
4051
321
1457
4633
2040
4360
21
1990
1873
346
2346
2629
3713
4674
4992
4765
1432
453
2795
443
2567
2616
1494
4288
4976
998
11
4622
4906
3869
810
3917
3815
967
3037
2511
4114
4550
4293
3285
1935
3520
2453
1020
164
4980
3500
3284
2238
3025
4502
1787
2132
4883
4186
2993
3750
1069
3664
4004
4038
1923
217
3797
1304
1982
1462
4166
1241
4397
1053
3141
996
3619
806
3248
4244
3646
1007
3853
838
1467
4782
4284
2241
27
3008
2524
4222
3075
3733
1739
324
3057
2671
500
1904
2366
4025
1671
4729
1290
2081
2523
1065
654
465
1152
3733
3076
4686
4498
4961
2931
4159
2902
4933
2609
185
950
2866
2858
2566
4177
3152
2259
1435
4751
3768
4738
2388
2237
2060
3529
1578
3730
3413
4623
375
2386
3029
1674
1212
1957
2687
3585
4765
2211
2004
1095
3453
3763
845
2313
3474
4538
4900
269
2142
2217
359
744
1271
4639
1968
3319
2603
1565
3644
1379
1148
1847
2316
225
4541
2815
1796
4510
3592
4625
2345
3645
949
1772
1099
4449
2004
3551
3714
2848
874
1856
2587
3345
2750
704
4916
4504
4162
2297
3047
463
2714
518
740
3015
2322
1546
2416
3043
3536
1163
1231
4877
1930
4617
1960
301
464
3235
1672
1606
2541
1481
1615
3770
3353
881
2706
170
4544
1856
3259
1324
3352
2787
898
2832
445
3439
3367
1586
1976
4456
948
3725
4887
1572
872
4386
4623
4468
4694
785
90
1844
3428
4428
2131
3985
3257
967
1451
2327
875
4766
331
941
181
1578
809
2268
3543
1057
4776
4754
3458
3951
4282
3777
3901
4292
2663
1776
2333
3384
3069
526
1545
2377
2632
2801
1277
1594
4889
3595
3634
568
4761
4820
4147
4934
4871
457
2890
2914
2632
533
37
2302
2912
2941
1206
4590
4790
189
3532
2335
3055
1281
4619
2033
4772
1278
2156
3053
3426
3542
3000
4582
3045
2328
4193
1405
4386
4208
3436
178
4100
224
4315
4276
112
2756
482
370
27
4170
3822
4522
3289
2016
540
4232
4287
46
1130
3475
95
467
2487
530
3904
2663
4449
2526
2012
2561
4218
3090
961
4392
4432
1524
612
2117
3367
467
2062
2924
4290
2814
4188
581
4208
4523
4631
4307
4119
2255
4751
3118
4099
3173
2957
4552
2475
4678
1562
3407
4221
155
4384
2919
3040
2758
946
2119
