3600
739
1074
2365
3384
1375
4273
3737
4025
383
342
953
3864
3352
3348
972
170
4634
3982
301
2201
2062
4621
2744
3834
1985
2994
1044
3278
660
4647
2940
4492
497
1574
1846
2876
1389
3848
4316
2191
3979
493
1156
4896
1386
1456
2933
1661
724
4179
1703
1753
1921
2819
3185
347
3424
2058
666
56
3530
2285
4500
4130
4161
1102
3510
3055
3431
746
341
2163
1470
2958
3748
2607
198
447
3501
1123
3133
2974
4548
2893
3091
1598
4556
1189
506
2098
1150
3906
529
124
776
2375
91
1715
3187
1741
4940
2472
1236
4445
2477
978
605
3512
733
2894
3804
749
4262
4116
2239
1624
723
3433
2692
4446
2440
3447
380
1223
3455
2155
4709
4371
3572
3599
749
137
783
900
2604
2579
2432
1037
2712
1787
1170
1491
1646
4558
1524
3962
256
1317
1894
2725
1809
1454
722
2170
3155
2565
4573
595
3682
591
1686
2238
3973
1892
2523
2008
3527
2973
1201
4577
472
499
3599
1134
405
1100
667
2424
3253
4737
306
2673
4608
4908
4588
424
4745
3455
1873
4977
1854
3906
12
4863
713
621
958
977
747
4990
4648
2445
1877
870
1772
3599
4923
4324
1953
1173
578
3772
2471
3967
3131
2425
1760
220
1723
1853
1400
4405
4953
854
2797
3903
1406
4711
957
1587
2367
1117
3100
851
487
241
4236
1301
2215
2916
2610
4744
1726
280
454
2910
3912
2833
1903
1761
1061
153
2779
3578
1912
4968
3528
2656
2182
2370
2471
272
105
2534
1115
3041
1063
1600
3495
2521
3825
2380
942
4055
1623
1079
476
1716
3195
621
4469
1481
3686
4403
3167
49
1764
701
662
4083
2560
3125
324
3985
1692
4937
1662
1909
419
2574
2161
2262
2208
1336
4419
579
1395
1149
2921
4164
3730
3967
2822
4163
777
2162
974
1443
2881
226
1433
2918
877
3082
3770
2875
4842
2270
886
618
816
2899
3971
4565
570
3153
3880
1583
125
96
1578
1313
828
575
69
3731
4996
4742
1906
860
2135
2214
3087
4149
2540
3283
96
2648
1327
3645
2916
4562
2865
2863
26
3813
3296
949
2607
4405
1816
3560
3377
3468
3318
1026
1370
1528
1157
4484
2773
917
4664
3005
1315
4663
4639
4362
3459
2548
3849
4539
798
3320
984
3371
3817
3011
4173
4190
4467
367
2108
3844
508
4649
3741
4782
4471
1584
738
3191
4729
4315
274
3599
1732
4533
3880
2353
3839
1215
2255
898
893
1866
1499
4365
1174
3608
529
2539
4091
2689
1603
1832
4402
2995
873
541
2028
4182
791
4889
341
2197
1283
3312
842
706
4935
3428
3864
3048
1966
4197
1752
1969
3727
1212
1668
3837
312
4915
3516
1585
4133
963
873
397
2538
1562
3580
404
3346
450
3409
2387
44
1018
4976
2266
1030
837
2126
1124
752
1453
786
3217
4486
2888
288
5
4420
3064
3415
2234
2895
3049
4943
4545
3525
4299
3029
809
1103
1955
4487
4431
4213
1219
2383
2191
3782
2754
3138
1762
3853
2872
4353
4031
727
3866
4887
826
4798
1657
945
4456
323
3857
1813
376
1232
4601
345
3362
1245
1331
2676
531
3444
3069
2691
4739
1438
61
529
4701
2155
2178
1764
6
1067
4082
959
991
487
3175
1770
998
3141
1828
2267
4320
93
1743
1367
1872
1207
792
2141
1087
988
788
2367
4826
4853
4813
1537
80
1438
440
4432
4408
4181
2323
4063
952
2934
278
4368
1129
1696
2317
2357
1829
4169
2844
3195
2364
4022
2509
2198
3482
2077
3090
2821
4472
145
4600
4836
3778
1487
1817
3723
1681
2783
652
1184
3202
1910
12
562
353
895
2334
2779
4950
4049
1356
2462
3815
1862
3324
4240
4039
1911
2507
4357
867
841
1998
3000
477
3132
3309
4670
1368
1247
4106
4808
2088
2622
2455
2458
4447
628
1534
2031
2650
2673
727
4468
3835
3537
3467
3618
3124
4923
4001
4381
2610
3571
4976
4535
3722
729
2243
3431
2490
1829
1529
0
3284
4965
2981
702
2020
3876
2316
4998
36
3635
928
4461
41
3407
2761
1634
1863
388
1859
3666
450
3332
4249
1125
2401
2652
1986
1281
2471
3744
4418
443
932
2832
1247
2057
1158
4665
3063
4504
2487
1907
57
2329
3099
3112
3566
1587
1903
419
3663
3325
828
3036
59
1263
3282
468
179
4989
2921
2843
4807
1934
93
2495
1703
4692
1060
2317
198
1129
2938
4209
613
4046
1810
3381
4649
266
4972
3712
1980
197
3329
1387
1455
2903
1209
1255
2438
1076
3727
4445
456
4336
4040
1803
892
1572
2616
4689
1465
4624
1319
4081
922
1394
3011
952
3720
2950
4048
705
687
2943
489
4454
2432
4841
1257
1753
4991
3722
844
4253
369
1761
830
4425
3174
1880
2792
670
3729
3640
3518
4527
2697
3025
3244
4208
4757
951
950
1783
3061
3481
3272
797
3899
4057
2339
248
4151
2247
3432
1829
1274
3387
3017
2411
657
4988
4400
4417
4754
1568
1861
866
1431
304
2653
1256
4329
2423
1369
4433
1011
2396
3999
2762
3162
3813
1203
4414
3086
1666
2228
1994
1962
441
2266
4834
1808
2577
1601
3819
2896
4784
2694
256
811
1150
1211
3851
2696
1216
823
4510
2097
4930
3108
845
4569
1308
807
320
2999
1159
4689
3572
2878
2691
4343
2652
3711
726
3810
2051
739
712
1432
2286
1499
3273
3654
3276
2647
2924
506
4402
4144
2758
3410
4581
4991
695
176
4973
2252
8
1923
1741
1238
639
3687
359
3247
4557
2880
923
534
1010
75
3315
4278
838
1141
2714
1623
2380
3111
4512
1352
2678
4815
1951
2292
3011
2342
4226
1567
2045
2409
619
423
3173
714
428
28
4103
4757
4303
2254
2701
2920
3302
2763
1487
2812
1953
4325
2840
197
4123
2731
1986
4655
728
3227
201
1675
2587
