944
4207
1894
4915
2811
2889
4216
2583
3622
4030
362
339
1893
3400
3732
2109
858
4392
209
4999
2550
4865
1127
4261
1850
4573
4180
976
4134
4128
4897
1628
4074
1907
1006
1384
2150
4686
3742
416
3479
403
2255
652
4163
4052
2741
2557
651
208
4656
360
1083
1601
444
3839
694
4873
685
253
2505
4860
2824
2826
2824
1462
3101
3782
638
1096
2036
1718
3491
930
1459
4717
4431
2818
1859
1558
2907
1817
3032
1449
3091
4542
3009
1279
4116
4750
2687
1370
980
1045
4730
3009
139
3652
4480
990
2638
2449
1885
972
4284
4934
3310
2082
3621
2142
3616
2373
2573
108
2626
3052
1375
2360
4190
2916
2759
4097
2187
3491
2174
153
17
2805
2218
3130
4484
743
444
3274
2988
1654
3003
3473
1355
565
4041
1276
2237
1697
279
3923
691
1945
634
954
708
4633
3064
3507
1825
276
2398
2336
2852
1243
123
1691
150
2355
2875
4405
2388
1808
2709
1846
3869
4163
4
3657
1204
2333
3355
1594
3014
2484
1025
394
2971
247
4446
3058
704
1916
1006
4063
4295
1618
4906
4040
966
1242
311
4766
1837
2791
1360
4157
1047
1466
1869
2672
1749
1909
183
4979
2997
3957
4267
100
3696
3186
4527
483
1933
2629
1367
3897
3627
906
893
2396
2295
463
1896
2393
491
3988
2880
3494
1410
3812
3218
3409
1632
4153
4614
3186
1658
1433
4855
4228
1838
2489
3245
2644
3878
1216
3427
504
1030
739
762
4547
4691
1781
3611
3673
1560
2322
1682
2512
4280
2571
2610
2534
3376
3429
4723
3710
3037
1211
3330
4687
61
4432
4553
3797
2333
734
4543
4039
4791
1802
3496
3078
3890
1267
835
954
1296
4720
3241
698
2296
3931
3131
1997
1575
968
4939
2231
4601
1395
2282
3958
2098
3715
2156
1401
1555
4046
2045
3238
350
4530
1971
2795
1760
516
3386
2419
1610
3314
4309
3605
2822
953
1369
128
2401
3559
2832
2022
740
2387
1837
4658
2027
2248
2850
2743
467
4836
2616
3153
1081
840
4935
586
822
939
2
2505
2473
3126
1993
1383
629
505
646
4628
2357
3442
3840
2354
2399
2885
2777
1199
3010
3376
4866
134
440
695
2659
199
773
4866
3411
2488
1819
2448
105
3113
1385
1807
945
427
3258
427
1753
650
26
4397
1220
1283
725
36
438
4045
3199
509
1619
2455
1128
3807
2506
4337
1703
2135
4273
3548
1715
4695
503
1690
4986
3667
2242
4530
4499
3023
3352
3460
4071
4258
3605
4013
555
319
2545
744
3608
1570
2519
1360
1874
4820
3956
1398
2927
1410
3881
2326
4501
2065
532
2733
1010
2113
285
2769
3920
284
4540
2559
2542
2223
2257
2099
3212
1929
378
1746
3392
818
2786
3786
1090
348
663
1319
3613
1492
3386
234
2004
2292
1614
3210
4067
643
1100
4220
3007
2785
3673
2328
536
3274
880
3693
3836
3885
3192
590
2970
595
896
3791
3135
3833
2342
1435
4183
1942
764
4770
4969
4159
1198
867
697
1508
538
654
4427
4566
3164
4891
2874
3748
912
2261
314
4514
1753
481
2935
1555
3560
3538
3722
2384
3330
4556
118
4052
3454
3925
2729
457
2389
2402
3348
2509
2840
1955
4788
1864
2059
79
2009
2451
2008
3878
4939
2323
1244
1909
4367
4387
6
599
98
4927
2220
4288
4555
3515
790
4882
4888
3928
73
2942
4488
4411
2215
2751
4747
4127
1452
4356
3602
2739
4821
1332
2267
1806
1672
3328
2763
323
2590
4305
2088
723
1968
1452
3082
3635
4492
3572
3576
2930
1469
4398
4779
1535
268
1435
1229
1170
2973
3304
3623
1092
2233
4803
4452
616
4129
1545
2190
2976
984
3813
4433
1652
2094
4507
2853
1236
536
2142
1602
517
1286
4070
1094
1531
4063
316
4343
2149
3692
2264
4929
242
1212
3572
2054
388
819
4033
4049
3534
1696
4651
284
3656
4403
4583
202
1838
1577
730
1104
24
4522
968
1420
3757
2568
4636
1107
1345
3512
2715
1331
199
2358
1771
2039
800
1682
777
3194
4858
4256
3319
3693
4098
154
4264
3931
4937
3016
3455
1840
2826
4585
2377
1240
1012
1685
2681
2188
4036
2011
1291
925
4605
1798
23
888
1823
4594
1713
352
2637
1179
4625
4047
936
3175
2750
386
4871
4611
244
4680
2576
1386
2705
2553
4595
2479
4770
3357
3264
2294
3154
3840
785
1678
832
579
170
1950
2170
1422
2727
4482
2717
4819
696
3358
2956
4997
3002
4578
2348
1247
2707
96
4899
3859
1601
4505
2746
2372
1207
348
3416
2613
3040
4037
2095
1997
3808
1941
3463
4230
2691
314
2567
4360
3189
3681
2629
2170
3590
1754
2374
3485
2153
3207
1971
4985
173
400
3914
2515
2917
4593
315
1491
1273
73
1275
1683
198
2817
4809
4409
3804
4274
3640
2735
2633
1306
1836
4285
4076
3706
1442
1098
3370
2723
1901
2965
2766
237
2409
4094
1489
1900
1296
490
945
3834
663
1575
3208
301
3295
607
3433
1885
1803
2388
1189
3124
1259
2903
970
1403
4570
2673
3075
2347
2990
1079
3108
1927
3861
439
2016
1992
4742
1404
33
2069
4809
2515
1533
823
1514
4450
1741
4005
2754
1325
4713
4837
3336
4738
3560
1266
637
2793
576
2578
2857
3294
2546
4312
1208
732
530
3589
3341
2162
2836
2809
1833
3842
2565
3792
550
4750
1815
259
4042
797
31
1320
1642
2335
1025
584
602
410
1129
3757
2297
1858
3893
2163
3340
1176
1316
2250
3557
2709
2984
4456
3524
991
4266
1611
410
4029
1517
3572
1143
2745
2239
1770
2224
429
2568
3706
4948
3683
4190
4840
1111
4128
2770
4111
1947
4452
129
1650
2816
3666
1231
2779
4966
4421
3493
743
2545
662
4404
777
802
1223
1330
2718
456
731
302
1344
4987
3404
3451
3476
3345
4086
133
