695
974
1920
528
1895
3914
830
143
4297
3538
3357
3197
1295
3707
2176
4284
4530
333
2326
2140
1587
4208
4314
1063
3921
385
1785
2314
679
3019
1466
2844
4012
497
4938
443
972
2912
3266
2903
2594
1758
2789
958
213
2713
1346
1911
2469
2922
4528
1060
2527
1499
2938
1767
664
4781
150
3949
1437
861
2775
942
2781
449
2181
1405
3319
4925
1342
2719
1458
2979
3835
2766
1220
2410
779
2147
1459
2795
1410
3198
48
38
3446
616
1494
1689
429
2448
2435
3666
2820
3671
3543
2513
27
4452
4370
3024
667
3787
4781
364
2560
2717
2830
3493
4608
1030
3326
4268
2013
1461
1768
396
2851
2052
1448
3438
2947
4616
3712
3538
4299
1116
69
1573
56
3290
1091
3637
2285
657
1527
1509
3508
3494
4768
1148
131
3989
4854
728
2141
182
4506
3185
1155
4232
4089
2044
2258
4364
2542
2996
2997
1395
2485
458
4307
2169
4581
3897
342
1588
3970
672
2134
1850
3825
968
208
3281
4774
4952
1783
3249
3620
4148
2901
3801
1846
2522
1912
1863
3794
3475
2346
2671
3359
1436
2469
611
3093
4320
1220
4446
3170
4473
1409
1482
271
2304
2992
4371
2067
1859
1480
315
4811
2543
1787
3351
1655
2306
3702
340
3419
1619
2529
3996
2489
2401
3301
2876
2252
3825
2191
3842
1197
4842
2734
948
850
1926
1222
2495
3415
3042
4994
3319
4472
928
1715
1730
466
823
1985
1947
551
1641
1275
103
4744
1392
545
359
1035
80
3515
4748
3941
392
1866
2711
83
694
4031
16
2456
1903
2569
3662
4319
4974
2973
1993
4684
2238
3273
720
1726
2593
2441
3699
4186
3874
3512
1817
1389
698
378
2740
789
3245
3195
271
1743
1085
4314
958
4017
4584
235
119
2813
2549
4100
107
1830
4522
3638
4889
2069
1834
1915
256
4296
256
1825
4839
1170
1005
4617
933
2579
4059
1255
2639
1165
1800
2843
909
2561
1334
3619
2484
2895
3988
2581
137
280
3398
2348
2638
4363
3362
82
315
1631
1145
512
1953
1769
1421
3914
176
2564
591
3230
468
1412
4845
936
2856
2935
1624
1546
358
2529
1329
4020
3911
1614
2904
2095
2979
3003
1671
1853
1296
1986
3775
1800
3798
3019
2709
2549
4166
4019
3566
195
3930
4584
2442
3029
125
1765
4920
1834
343
799
1477
3504
3341
2354
4298
1634
3203
372
511
3929
1919
2012
2290
4975
1748
3669
3152
4050
295
4640
4725
3873
1244
89
2004
586
3679
3486
716
1115
2946
2641
1774
2044
3242
2807
1559
1075
2123
3120
3815
1152
3754
3781
543
339
2559
589
2696
3541
4313
4347
895
1811
2722
2304
1780
3111
1513
2403
2657
259
1963
687
141
2711
3409
3706
138
1232
1610
2508
1073
924
535
826
2811
2308
1772
4415
661
1418
859
3863
484
1292
2245
3138
1176
227
4410
296
435
3500
3151
834
1784
3691
104
2755
4244
894
1279
4258
4514
651
2460
3653
3293
4988
666
426
2383
188
4214
3298
3772
3597
897
1342
173
2806
2529
474
4509
352
1891
1756
1521
4299
946
2733
236
3942
4537
1580
1634
1092
1184
3200
745
448
1541
3517
1468
473
4461
3279
3027
2154
2784
2894
3682
1933
3522
504
4247
832
498
2652
4224
4523
217
2046
4989
4242
4278
425
4337
2610
2945
4347
791
2971
153
1162
4742
3182
380
4372
3204
1694
325
3516
3809
1488
3182
4445
2562
1372
1206
1551
3157
573
2997
2413
936
1870
1490
2197
2934
4979
1450
1726
68
3341
2681
3344
262
3877
2134
1882
4905
4170
4630
1295
2466
4011
1109
3182
4909
2065
807
1950
2653
4781
3413
4761
279
1524
4034
1749
3033
4358
3944
2286
2720
4967
3956
748
4941
3734
1808
782
1259
4855
3767
3098
150
3717
1344
2003
3977
1648
600
2684
1967
3036
1661
3161
2215
1878
3795
4505
862
2756
1653
3058
4673
2746
4887
3361
3738
2122
2949
2929
937
4135
3435
2513
1701
2471
2981
745
766
4060
3553
4898
3184
724
1497
3138
1551
2497
4548
4845
3873
3943
2674
4908
830
322
3160
2220
2218
2416
521
1645
2023
2957
2847
1952
2280
1700
2750
3534
1389
994
1356
3066
3305
3493
2074
2168
4218
4312
1942
607
3864
2448
3732
4578
1208
2286
757
4840
4619
3696
3954
2135
4105
2339
4240
1317
1681
53
3206
4903
2376
621
1732
1746
414
1680
3271
3294
2518
2151
4616
4728
1558
835
4501
556
1340
1212
2307
4785
2142
2658
1349
4144
2937
5
4898
2113
2226
4816
2196
3795
281
1109
1810
4545
2595
4061
222
4851
1855
3046
1160
3724
511
4701
2598
4596
2889
3552
3737
2336
3272
2306
2168
1350
920
3224
1165
146
1439
1852
1138
3765
4161
1012
3736
1988
2975
1290
2166
1465
4038
1953
2841
4439
497
411
4013
1462
3486
2600
1876
3233
303
2802
4452
1588
2330
61
2940
3341
3462
3513
4280
2597
1699
422
34
340
4979
3166
1363
491
882
4001
4935
2743
2946
2186
2285
3575
3464
3359
3648
300
4400
1062
4442
1782
2574
3962
852
1578
666
110
4852
723
3893
4743
2954
181
2291
4908
1544
3516
3932
655
4022
3977
2947
1938
2139
2942
3450
4221
1302
956
1625
1725
2178
3448
1077
3037
1242
3056
268
2493
2956
4020
3405
441
855
2642
4744
3201
1132
1615
1503
2782
3005
3010
1271
4911
1117
3810
4672
1018
2486
4258
1036
2144
3075
989
4958
2075
2819
3687
1162
4373
670
2522
4534
3421
695
428
2077
3019
2872
2338
1387
426
4252
2459
1528
3932
4271
3306
4550
3886
3761
3678
1383
3914
648
1341
3346
3511
4691
2175
1461
4384
1506
2177
3838
2
2780
2003
599
4212
2699
3385
3637
3641
3097
2743
3835
2291
84
4750
4806
793
3841
3961
3733
2803
594
