242
4299
2406
1612
850
4361
4801
2167
2480
1865
1867
4558
4765
4742
4737
162
2697
419
3517
818
218
1755
2240
4716
784
2034
1792
2131
1764
414
3827
4806
3953
3671
665
4590
4812
2547
4202
2032
1181
4316
4739
3458
4813
2737
3253
2413
4072
2856
2633
444
3868
3021
1925
1547
4752
3568
1471
875
4097
1320
67
1738
3681
1529
963
4583
58
1107
3884
4813
1139
3842
4109
1449
2208
2942
3622
474
3854
94
1606
754
1791
4481
147
3241
1533
3326
223
870
3963
4598
2079
4025
1190
2797
3421
4790
3343
948
4228
852
3948
1212
2955
1978
457
1332
2420
2512
4005
835
1154
4618
2174
798
186
2548
31
168
1289
4777
4277
649
2865
4958
1775
1726
3312
2735
317
146
2386
211
1583
1414
2215
4039
1382
4884
640
2652
3960
2712
4702
2834
1441
4682
1843
1206
4407
2151
1615
57
4455
2681
2636
177
1318
2603
541
838
404
1343
3200
2204
1145
1541
3933
3060
3754
435
602
1063
4017
602
3380
4141
910
675
899
4490
2755
1550
3723
2723
592
2332
186
3882
156
3387
3371
1383
2613
1248
39
1152
3578
3105
4744
520
763
1881
403
3012
1401
2567
3532
4928
959
3277
4680
1781
1951
2231
2483
468
303
291
4480
2007
4198
4549
3881
2623
2562
1476
2448
4986
3991
3252
1025
2637
196
1053
1840
1334
2611
2694
1159
232
4346
2232
1098
4815
2918
1981
3289
4865
4673
3682
4672
3894
130
3705
2955
787
2882
3322
4793
328
1231
2575
954
3652
3563
1351
3999
3226
931
1821
96
1725
43
3988
532
2446
4633
4623
1624
4711
2069
4487
4063
4214
190
3017
2382
4606
1191
2437
4506
1187
3991
2067
1024
1899
849
3715
3410
3185
4905
1540
1575
2035
518
4634
2638
2840
260
56
286
4920
2012
1176
2906
3520
4491
184
2176
3485
2730
4545
1080
3526
3075
3189
3242
266
1772
3389
360
2680
960
475
842
1635
4524
1031
643
4540
3738
2183
4736
2382
4902
2210
1919
3586
1148
743
2927
1834
3949
4696
3704
285
4856
231
3343
769
3398
1514
1624
3836
4246
1353
4482
2351
1552
3500
833
814
574
599
1985
1426
173
2023
660
4093
4371
2987
4067
768
342
3829
1025
1787
1707
2881
3110
1542
1877
4694
1687
2644
4641
1193
1368
897
2582
3650
2031
1589
3081
3138
2552
4397
3444
381
4
519
3271
3257
2175
115
264
875
3013
4527
4156
1323
4462
4980
4008
1746
2301
2484
4036
1660
4086
2108
4161
3362
512
1048
2289
2059
3116
523
866
4176
1875
1915
4253
2925
3412
2684
2291
294
3232
225
34
559
3176
2710
2412
3376
3583
1112
120
4548
2170
3871
1110
740
4808
1469
2563
4118
2965
1222
3918
751
3084
4920
2952
2048
2890
4755
1399
4041
1235
3855
3782
1974
2825
4559
2380
941
1562
2934
2179
1846
3586
1996
3189
735
3527
2933
4755
1155
1278
2317
1422
1410
1823
1785
4506
579
3031
3652
3957
4091
2086
4187
2765
2980
2416
847
4120
4766
3688
3040
3341
875
3346
1960
4815
1070
2961
202
4236
1168
4862
556
2951
2875
710
4821
2417
258
2118
2664
2061
3342
4948
746
4887
2106
552
1675
2869
1663
4055
733
1462
4667
1749
458
295
282
3982
3132
3584
3476
947
2865
689
1576
331
3976
928
1381
4891
3324
3708
2561
2291
2391
2615
1018
2792
230
436
3259
1801
2593
4610
2155
1871
606
22
4235
3112
3422
2513
3398
3686
470
3940
538
609
2705
139
2144
4868
2756
563
4375
1811
3842
3048
290
827
486
3970
3417
3680
1388
2788
923
346
1525
900
926
4804
3157
4589
2418
3099
3093
849
1401
2202
2497
826
2311
680
3855
1732
3733
1343
963
3189
3839
4372
2025
1641
1149
3219
942
4156
1720
3962
3601
957
62
610
4674
3061
1587
390
292
3663
3534
3712
673
1827
4555
4515
4579
2533
2866
4778
594
1840
4587
4799
4006
2992
802
1639
965
1029
863
1386
345
2839
1727
1518
3413
4132
3007
162
581
3320
1200
2098
3154
2194
3845
3494
603
4045
1721
532
1801
2245
4313
4111
933
1250
4701
4751
626
1747
2716
2592
3058
1488
846
1176
1881
4887
957
113
1257
1745
2197
3940
4725
4180
3169
1880
3711
1033
2865
1757
2092
4698
4388
1111
3900
2122
1611
2735
2882
1371
2181
1647
2985
1524
1729
935
3711
4235
4493
689
3958
2298
317
1880
3969
4900
503
4208
3842
2780
944
1523
140
1864
3122
2927
1599
816
3435
3837
4681
176
765
2796
1886
4017
3157
3569
3897
735
2927
3174
2339
4817
752
4588
72
4922
2604
1509
1426
2098
1940
4926
1775
1625
841
1425
3928
2049
4018
2811
3198
4956
4678
252
1889
3219
3297
1074
4897
4758
3710
3333
4892
560
743
4844
3566
298
509
2362
2259
3089
3914
3397
1138
2346
2428
1436
745
3758
38
807
3203
1583
3539
4487
3427
1302
3420
2469
3051
2373
3263
1831
3012
191
4169
3588
624
4061
3792
1065
4101
3578
1034
4315
769
2926
3571
375
1959
1931
3784
2426
3476
4856
1303
1383
4977
873
3631
3395
4307
1340
2470
1771
3011
4138
1180
2466
1139
1963
2706
3790
1284
1679
4134
822
1908
1618
1626
619
3090
2390
4306
4474
4591
1394
422
1134
111
1829
513
3411
3479
1731
1497
4920
3475
4510
2606
1673
4769
2187
3585
856
4442
4018
4064
4968
233
475
3337
1896
2002
4654
3616
81
307
29
2559
3387
2119
292
3597
3706
2125
4208
3667
3271
57
3286
474
3034
2130
3830
4054
856
604
4614
3249
3405
4291
1981
730
313
3888
232
3911
152
3078
3121
662
455
3733
3104
1938
3810
0
1350
1946
1453
4663
4246
177
2075
3023
2919
4526
3455
4149
2210
1412
4805
2199
