1745
757
711
32
1021
2738
4109
1845
3504
3245
1783
3828
4459
3591
4940
1543
600
1517
2275
3379
737
1278
545
3359
588
4674
721
2748
3659
2683
4084
4427
1031
4929
3213
1582
3092
3940
2363
3697
4764
1113
465
1455
2353
1289
388
2772
2342
3728
1924
3788
1063
1843
916
3315
3029
2372
3483
2922
2653
1335
4109
3144
1002
4531
749
3305
1920
4776
729
3169
3530
4636
677
4397
1266
3385
3777
1925
3132
3080
826
2145
629
2795
1829
3615
1106
2277
211
3517
399
3661
4342
1774
910
617
2386
4640
1263
2582
1898
1222
2937
107
229
4853
1419
2881
4643
562
916
2976
913
3419
240
2374
788
4748
82
1487
2750
4042
2048
1562
2470
4244
362
625
1468
3048
1717
163
2053
3343
2182
4465
3028
3943
491
2545
3378
4423
1776
4916
3711
3769
926
4629
2778
2808
848
200
2376
3604
1238
307
123
354
2680
3656
2004
4314
3144
2827
3855
4240
4397
2055
2251
4158
2951
1029
2750
3144
2448
2489
2946
2236
903
1158
431
1390
1430
4297
739
3523
3399
557
3939
2718
825
3345
2791
2423
1179
4842
3010
1793
4147
935
1638
576
1422
3121
2298
3541
2685
1136
2378
3945
1458
4467
4609
1096
3217
1269
4737
2474
4910
1482
159
3993
3832
760
395
2667
4701
2670
2294
85
4638
3711
14
9
1777
3654
4827
838
3797
1210
4455
1906
2249
2023
4107
2202
1386
1954
2691
501
3319
3514
489
393
2473
4069
3335
2494
1482
4437
2456
2185
3539
3383
3669
3621
1921
309
1250
80
2303
1229
2137
4770
2774
4077
4242
375
3931
481
3741
1102
3122
4118
402
1092
90
2510
3232
3788
2388
3543
1544
2863
948
4755
3039
1947
4294
2299
4144
413
3843
3146
4482
3675
654
1468
3844
1973
4127
1344
2898
2623
1892
1969
979
2545
2331
1751
4618
4099
4863
281
535
2655
1076
3411
3880
4657
4620
1484
944
4002
2587
3694
1910
2686
4062
2266
3789
3946
2913
120
1381
2665
1966
1346
3405
1333
2910
3897
3592
1108
2374
4831
239
1344
3897
2786
1829
883
1156
3606
3494
4441
3550
3687
3516
3615
4736
3867
1362
3525
4744
3835
4088
2030
3582
170
4568
2586
3990
4265
2089
2939
2520
2169
16
2464
1130
1897
625
2534
212
1730
1353
4826
2878
1003
2127
1005
1515
1169
4264
3697
4452
480
3091
1627
1648
922
4918
881
4539
1950
2325
4445
3625
1838
4743
1917
1137
2462
4815
4772
3083
626
2520
4818
741
250
2505
3265
4476
2409
1833
2558
4281
1819
2435
2108
2234
4516
2934
3485
1327
1335
634
1144
1734
4479
682
2054
4289
87
4820
1323
2434
4752
4331
394
2634
2836
3020
3965
4531
645
145
1645
1318
2514
855
1068
1507
4911
1256
4592
4468
4229
4954
79
4483
272
3580
1459
2430
1264
1589
2622
4668
3891
1764
3084
4289
856
1720
788
4555
359
3093
912
2475
1265
2769
2163
2748
2590
408
991
231
3521
944
304
2132
1408
2081
4167
3271
266
2883
4764
445
4090
3197
196
421
1997
3926
2936
2144
324
124
3953
930
3533
2644
275
2042
4043
2556
2321
3368
419
1731
1810
401
2409
1018
2123
2862
4210
4129
2582
4024
4734
519
2042
4343
3288
4333
3577
1249
3544
1992
1090
2085
3119
1155
664
3508
2567
2265
3730
2326
3971
468
3802
4323
4710
3758
660
1490
1946
4636
2179
1573
741
770
2136
341
3943
4810
3166
3065
1358
3643
3585
3934
4866
3166
4353
3340
4199
2199
1137
2733
1714
3385
592
4768
898
3526
211
3825
2096
1937
2143
2806
2917
4290
1738
235
618
3360
1685
2537
258
1823
1388
402
927
3802
3833
3598
3010
2564
248
1211
3176
3016
4626
2241
4834
2006
1863
305
1868
1725
4400
2946
4853
4189
3057
3942
2879
3417
2841
2569
3563
1186
129
1660
4
2826
1829
1142
2259
2228
1721
3698
3707
2514
3441
3560
3852
3236
2950
2581
3568
1247
4700
1598
1059
272
4518
407
2965
2067
271
4371
4694
9
1596
4611
4636
3826
763
2380
787
4625
3574
3165
659
4694
2391
1046
1152
3919
3553
4770
3577
4647
4056
1468
3112
1104
813
1842
1097
2063
2916
4114
804
4392
2736
876
1743
1232
2209
367
2017
4028
2782
798
3193
484
4231
4146
4769
1678
3964
4600
1782
3999
3023
4456
3816
1524
518
39
3988
1690
983
4958
1342
3262
3968
1222
3471
144
2930
2461
4885
3600
1658
1847
3316
587
3268
1782
163
4294
1574
3195
4651
3854
4869
4029
2658
1159
3772
3731
1385
2555
1845
4793
1292
144
2673
2420
3481
1504
2148
2733
2895
715
1803
3558
2374
4978
2304
3967
2751
2248
1852
3394
4957
3952
1184
808
3607
3467
383
3395
2875
1192
1089
3172
3471
3488
1745
2782
4823
2339
1844
1651
4391
831
3156
3534
2445
2294
4754
2814
2693
1707
2056
1500
3088
953
1548
2827
2637
540
4559
766
2818
3995
1573
3432
1946
1582
4449
3545
719
3984
564
3882
4381
3561
2725
2235
4567
575
3433
4408
2355
2981
4724
2993
3338
2710
2786
3849
1862
2974
4545
3612
4256
3617
4734
3230
2069
2099
4880
823
3370
2174
1894
1755
630
2479
2735
4111
4006
167
4075
1053
3213
1904
1146
2347
1799
1808
4856
4192
2360
905
1978
3740
2061
3641
2030
4716
4418
2036
3803
3066
3759
1332
1658
2473
3950
4559
612
3109
4782
4874
535
2386
724
566
2909
4372
1942
2422
3604
895
13
4142
1135
2795
1618
371
2957
4446
1629
4829
4943
2726
3073
2293
3458
1340
3844
2664
154
3142
2143
4403
3622
2225
3278
3064
1565
1607
2689
465
967
4713
1054
2352
4170
3784
314
220
830
4495
2345
3033
2891
4029
17
897
2665
4698
4132
3110
2576
4728
656
783
3654
2491
2707
4592
2070
