578
2350
2281
1392
4076
3831
1810
3293
213
2055
4379
2591
19
3426
1165
1431
2487
4146
184
540
2924
1879
4468
559
1570
700
113
3458
4531
2986
2361
2763
2753
218
658
2942
3417
1006
4864
1984
2298
1217
2287
4652
4857
3840
3840
1785
40
1306
3817
2475
4092
2273
2358
3008
3400
2930
390
4842
353
1143
3834
2877
2496
2908
2317
1884
755
754
3105
1437
2085
63
360
3904
2631
1066
2018
3404
4782
2785
2947
4528
2746
3038
4494
2521
822
335
3110
202
1568
268
4598
103
2071
2126
4302
3048
514
4364
1020
3877
3073
3635
1748
2361
4618
365
538
690
3695
3872
3139
4460
3704
2382
4401
1322
3306
3491
4674
3127
3154
4541
2782
3498
847
1477
3117
3929
1466
3823
853
2217
1472
4062
3388
3461
105
2469
106
2213
3272
3005
4970
3821
3529
2293
309
3203
2466
1498
1356
2820
955
1101
3586
53
1503
154
1677
3884
1599
662
902
1327
590
1078
234
3175
4389
367
4838
4538
4542
3563
2798
2827
3040
499
4023
4979
453
1578
4370
1622
1507
4373
4099
1921
1526
1123
4378
1590
1025
3438
2834
4251
4805
1661
3456
3671
3858
1084
1485
4436
3457
4013
620
1996
3898
4037
1498
4573
2426
1998
2855
2737
3190
298
3476
220
1958
2553
3788
4837
3065
1248
2095
4623
2895
1242
1620
1455
1936
2669
362
1034
3901
4869
2298
1081
4182
4382
70
451
3789
598
1147
4938
103
2732
2297
3197
4344
3236
3513
289
810
2737
1329
3508
2098
2239
2883
4846
3663
3751
2973
2873
3088
2829
1794
2823
2221
4875
4567
3426
54
4173
1150
1389
4132
617
1223
2973
1659
7
4963
4616
3400
746
894
1165
4920
4286
766
1060
1300
486
2900
3484
4206
413
3529
4488
405
3011
223
1833
3952
3357
3507
678
4036
2323
1285
868
1924
2375
130
2471
3256
1669
3922
1221
2094
2470
68
1126
684
1071
253
3390
4063
1568
3548
4556
4459
2228
3609
423
483
3651
1045
176
2552
1201
4297
1043
3911
1332
4875
213
2674
4534
4861
1486
4874
2342
2740
453
1606
4232
2344
2259
3014
4974
1571
750
2576
3370
3675
4644
3510
12
2640
702
2779
2102
4765
3612
3899
3817
1332
379
1978
2300
3313
2402
3937
3085
509
1616
680
949
2604
4014
4993
3759
1118
878
617
92
2883
804
4904
1310
3367
2810
2892
1853
1096
3713
2094
2068
2009
1452
2728
100
4128
4328
4816
1427
1003
256
1646
4729
2794
1368
3595
3934
3756
4943
1543
1707
3949
1069
3604
346
3288
3565
1228
201
2984
4841
3725
265
2196
561
1295
644
764
2113
4593
4718
1361
326
4942
1044
869
3888
2135
4924
1059
4467
838
158
1742
4089
4969
983
181
613
1165
611
1249
3056
2374
3330
96
1693
3725
2459
4550
3201
3318
2205
2264
179
1252
1869
139
3262
3436
4897
1372
2580
4992
4234
572
140
1333
1775
4510
3958
282
3700
65
4530
3704
56
2877
122
1825
3731
1956
3557
3048
4980
2175
2252
2783
784
2974
1257
4531
330
4930
4005
2076
167
767
1714
3763
2018
4988
549
2370
265
4700
1286
4101
4971
1459
1801
2609
2708
2669
2898
1484
1077
3150
953
2203
4851
941
318
3335
2461
461
3449
846
4810
1808
2591
1212
1518
2448
1047
862
1003
1074
1738
780
4598
4514
3507
4555
3246
3194
673
2464
4877
3999
696
4316
1457
2000
1297
3142
4268
3476
3446
3072
4618
1214
4490
4775
2516
1934
2475
2190
1685
1981
2361
1542
1327
1292
4450
4607
4378
770
2945
1880
2134
3912
4012
3989
927
2650
486
3264
4314
856
4739
4998
4341
2006
668
1118
1301
1810
4393
1242
3262
4731
4972
4066
4062
4052
4296
3250
4328
4055
4369
2627
3792
4145
1385
3597
1589
1336
4348
4458
2732
39
3324
3134
4724
4109
1723
1937
1314
631
3301
581
1165
228
4797
3443
4667
4146
706
3188
1405
3935
4182
1826
3093
1334
4500
3083
2858
4424
2412
695
2233
1081
3123
4744
652
962
2647
833
3882
752
2769
1973
263
2758
853
823
624
4414
716
2534
3195
1612
3908
1637
3935
2198
4576
3120
826
3813
2079
1714
4205
2062
3908
437
439
313
2798
1934
718
819
3787
248
1743
3613
1580
1375
3417
4797
3698
4605
2689
4445
3825
1991
343
3229
990
1615
497
551
2081
1136
4697
3575
3463
1913
2776
3550
4979
3586
1117
912
2678
3312
638
998
1116
1841
3846
3091
3640
2474
3829
3393
1970
3134
4475
4947
1441
1172
707
2787
1778
4821
4867
3684
4844
3358
3410
4431
3626
4575
367
1751
1382
213
1913
1135
4225
1985
4655
4987
704
163
536
2556
3579
1425
4207
528
106
1860
2660
1527
1004
64
1191
1118
218
3577
2910
567
2416
2093
89
2762
4300
3188
3588
4331
753
3501
594
28
1789
2745
3683
3191
2147
1462
836
3548
3185
2169
1809
3116
1900
2017
3115
1285
2983
1683
2941
3454
1674
4489
4003
4035
2524
1447
1169
2059
1532
759
4263
1410
3175
1347
3462
2871
933
1782
4453
2812
4981
1987
2306
1921
4654
340
4421
1446
3804
3946
3753
264
4862
923
2199
1255
1178
2323
409
3955
1539
4947
2083
1696
2002
4610
3327
371
4934
3631
1114
1213
167
4414
4454
2003
206
4511
3663
3299
1733
351
4401
1796
1751
3933
1686
1289
1309
3931
3093
3348
57
2669
43
1045
4358
1715
111
4798
3133
413
837
2013
2228
2144
4696
1561
1725
63
2802
430
248
1873
513
4577
1842
1489
4584
838
4635
3534
3533
3228
3080
3864
433
959
827
1604
3649
3876
3735
4179
1556
2734
3496
1546
1752
4909
2899
4172
1836
2451
1227
970
4502
2079
759
427
4343
1310
1293
576
813
346
3636
886
3775
3505
4459
1324
4179
1998
1198
