2647
4969
164
4707
1271
2208
4577
1856
3134
2570
826
4451
3014
1217
4223
2515
4727
3366
2762
3408
2420
4597
3330
168
2493
4215
2747
3010
4949
1567
1602
1520
2617
2445
3633
4952
1547
2291
620
3122
443
3996
1500
2045
4242
568
3400
2576
498
4861
1061
1988
3927
3473
3866
2748
3929
1174
1510
3917
2245
1442
4838
3496
3734
2759
4786
3745
2840
1752
4244
1918
4748
156
4030
4228
467
4148
4960
4361
3984
4455
3187
1923
3892
3428
4867
1802
490
219
3171
1010
2336
3263
2534
877
339
1513
1160
410
215
560
4966
2715
3578
173
4460
1802
3073
1862
4781
3010
1241
1430
4270
2336
4283
3556
858
3947
29
2743
86
517
2294
4580
4790
3699
3732
4939
1008
3108
2518
32
1445
4319
1648
4679
1370
4728
4596
2432
268
2611
3056
31
4107
489
4491
1050
2904
4200
3690
2418
2731
4235
4460
3608
4814
760
4763
4339
1398
171
1604
4656
307
788
1791
3994
4189
612
973
4499
422
1292
3389
142
1776
1199
1172
49
2840
3981
3580
4104
895
2377
3726
1913
670
692
3468
74
1736
989
2708
1278
4342
4145
1559
1195
52
2890
2458
1171
2906
4710
1121
2047
3310
3111
2653
1910
4056
2690
4466
930
4097
882
427
3480
3749
3437
4565
2588
1493
3734
4651
4737
2609
814
3930
3223
1281
1009
362
383
3990
1921
1452
2812
3700
2916
3307
2655
586
764
4591
2411
3089
866
3503
4089
668
2271
1216
1240
835
3501
2118
4418
554
1730
4633
2985
2172
2073
209
4590
2845
2767
1930
3987
516
996
640
303
1455
4681
2328
2224
85
4377
182
4511
3571
1736
1862
3738
2487
2799
348
4083
4182
947
4004
2207
901
3986
2195
733
4584
1876
3674
3277
1746
1967
1727
4734
2829
3568
15
1401
4603
4196
1436
2331
4221
4179
4082
210
4612
4501
641
3902
4306
4075
4970
1217
2709
4180
4296
2938
2289
3513
685
893
4508
467
4411
4965
4867
925
3295
2453
570
4973
164
2541
4840
1900
2021
3545
4090
4760
641
4904
3896
2275
3693
2862
4601
2663
2523
118
1945
3306
4695
3646
1478
2274
1916
4997
1145
201
3029
4143
4383
2304
186
4962
3284
2804
4218
55
4906
2017
2747
1931
3268
2297
845
460
3972
2864
1792
4112
1004
1623
3704
326
547
1521
3707
2467
1747
1724
2629
3880
3965
1031
2061
2031
1329
2007
4997
719
4829
2929
4998
1289
4788
4138
802
4753
809
4232
305
2026
2024
1415
2954
1626
1043
2278
3003
2738
3463
4327
4006
3006
512
481
1981
2818
588
853
4430
1873
3705
3068
4995
1969
3915
142
2062
3606
923
2620
2246
1776
3442
3310
211
2486
355
4697
228
2194
3736
3944
281
4476
1976
4392
1722
2851
2713
3431
3113
2170
934
4763
4869
3405
4789
3245
1996
2503
268
2882
1601
2956
2869
272
340
225
2821
3904
3672
4514
3157
4205
29
1728
61
3862
4296
1944
3207
3177
3735
1309
1827
2872
1009
2543
1804
912
3502
4343
1838
354
3784
4255
3135
975
4685
928
2324
646
2283
3030
944
1848
96
701
2694
3388
2157
2150
711
4111
3833
1011
4404
2474
3966
4226
3395
1315
23
3326
3007
1197
3015
3172
2085
3260
3495
2744
247
677
1680
1389
4285
3695
239
3458
2594
2614
213
3329
125
3832
2262
1057
1889
3069
2650
3868
4102
1856
684
2528
3347
16
913
4129
1876
3361
350
108
3577
4266
1233
1149
4301
514
3428
2756
2637
2009
4550
389
2238
3319
817
4598
203
1620
2974
3289
3033
4275
4219
4433
1392
3353
4315
2463
1925
487
2638
2258
621
2208
2366
1776
3483
3407
1588
3411
714
4418
1830
3239
3998
379
3056
4745
1881
3186
805
4555
375
3149
1755
1651
1157
3072
2859
3724
3572
600
1269
1237
634
4815
2136
2557
1756
441
4134
390
1481
537
2522
3120
3520
4973
4071
2011
3287
2240
1587
1714
1030
242
2257
4644
1943
2898
3486
4329
2077
4466
4588
2600
4900
3231
3296
2909
1549
4820
2245
427
1791
3679
2115
2461
4807
2596
759
1039
2665
1335
3791
3728
1452
1753
1076
2710
4673
2867
448
3104
1263
3592
3913
648
4355
1036
2734
4017
3632
4382
2958
1472
3807
1952
3317
713
4062
133
2848
3309
4496
910
4070
1371
2208
690
797
4420
2397
4023
2706
3589
1391
931
3049
2771
3898
507
2625
1310
3306
4277
1002
2993
1320
4685
3277
881
955
3642
2030
943
4949
520
242
3246
4396
1557
871
2201
1134
2536
4685
2734
2055
2196
547
4787
4745
4039
285
3421
3632
3716
808
3813
2741
3725
61
4734
2512
3108
3905
4803
3930
4347
2865
981
166
3692
2878
3096
3995
2534
1717
1473
2314
673
2592
2217
874
428
3842
176
4655
4982
4723
2226
3251
4138
4035
4020
1253
14
3051
2465
1600
310
3676
3030
2426
4855
3502
3561
2244
1551
192
4908
4552
4274
3359
1016
267
3605
4458
1832
3469
1770
3705
1181
1762
3636
3395
4249
640
4012
421
3095
3802
2812
4496
2772
1074
1701
2446
769
454
3166
4318
3898
2850
1857
4720
4843
1515
4588
1239
194
3579
3837
4109
1202
1612
4169
4163
2260
3235
4878
3537
791
4969
1376
4662
1758
361
3860
4513
2756
1900
4243
4251
3119
1551
796
4402
2316
2611
4454
3369
3585
1783
3372
3210
2649
4067
4957
821
2514
4801
4824
4903
3429
4192
718
1302
4583
2781
2668
575
4252
1135
263
3300
892
2395
4698
2118
4546
765
1221
1036
4999
1844
195
3009
930
4128
2677
3253
5
4463
3417
3892
1153
344
438
4690
4392
4719
4532
3046
2519
2045
1853
1002
13
2869
1745
4506
1622
1025
712
2509
4349
3578
1145
3915
3446
3246
4138
4367
313
3237
4808
3891
3793
3021
4036
2601
2121
3417
2055
