2701
3746
2925
1874
1828
1771
89
4014
4481
1058
1220
892
2184
1600
1359
4308
1401
1821
1586
965
1904
188
2927
2962
1217
105
1309
908
889
1845
939
675
1112
1780
3951
1565
4388
132
3838
759
2179
1346
378
2350
1423
2571
758
3787
2741
4084
2667
1922
2280
4993
823
1472
2412
1237
4773
1089
3544
2851
2658
3443
3023
323
1957
1347
2530
3641
630
919
2511
2221
3649
736
4203
4644
4225
1142
3206
4709
14
1809
4396
4637
4967
2980
1514
1947
582
978
4464
4798
3209
3280
4578
3801
4591
3366
2951
2459
3274
3471
4543
2100
1599
2947
3730
328
4201
740
1697
2619
430
269
3624
1013
3290
4638
4744
180
767
409
2032
773
232
425
880
3098
3894
4940
2362
3739
2215
2249
2655
3747
4589
4286
4159
2427
611
3371
1830
1058
3865
2286
2625
3767
3547
2933
1341
1969
1444
4420
1065
267
1881
2373
3271
330
1294
4201
3731
3909
3850
731
4407
2889
3436
3320
4847
3710
1715
75
3651
2764
3542
2986
4262
3524
1260
730
4668
2192
3082
3477
1052
2507
3175
2422
352
4984
4956
2298
4566
34
3928
1090
1518
4403
4407
4563
2756
3565
3261
2972
4620
210
1070
3679
1830
437
4864
2519
609
4615
4503
474
1731
3526
4170
3611
2135
4124
4351
1314
4084
155
2281
1763
2317
2043
396
4909
1131
4585
552
3458
2703
2946
2861
1439
3778
3387
2483
633
2036
3817
1941
161
3317
3551
3805
3642
3730
4916
688
4702
419
2639
3289
2803
4999
2376
4550
3509
4158
3343
1200
4925
2337
4201
1398
3429
4326
2081
2020
3476
1824
1338
989
3920
1552
1375
1039
878
3921
149
2766
1429
498
859
4484
3703
481
2105
3946
883
2953
1834
1690
799
3994
891
3490
3504
1139
1741
4261
4921
240
4284
443
4441
3319
3953
3742
3391
57
3828
2865
637
3930
3411
845
4663
590
627
3756
844
1100
402
4555
2491
1763
3532
1147
3464
530
3923
3005
1312
3294
2536
3520
2564
3573
4286
2916
1948
1650
4719
1580
2775
159
4695
2903
2011
2590
859
4755
3867
2512
4074
4504
2504
4525
3935
3900
2997
3936
2918
277
2753
205
4534
3358
1673
1463
3750
4208
475
4558
3167
3146
4532
425
851
2551
4730
3162
1585
3898
4348
1746
2296
2119
4715
3375
27
2555
3289
690
3230
292
2927
4144
1100
685
2718
2636
3072
4576
850
3630
2227
2343
1799
4898
537
2817
2393
2961
3093
1085
807
4255
2254
3445
3935
1197
861
1187
1651
129
1707
3145
980
4054
880
1265
3100
952
4956
3127
2731
2300
4863
4952
424
728
1367
1361
4546
2536
1607
3175
3478
4796
3826
4584
970
4826
2748
3638
3550
3621
4008
4889
3952
733
4119
3863
3475
3208
1709
113
82
1419
1408
811
4717
3861
4828
738
4909
944
4291
1454
4267
2029
1958
2790
3353
2270
694
1487
4371
1994
4386
1105
3884
2031
2095
1688
4557
701
19
4798
3241
497
419
4145
3318
2583
1687
2602
3261
4200
2335
1163
3936
998
2340
2256
2301
4926
30
1537
2523
267
4830
2249
2780
124
302
784
2539
1362
3661
3732
2129
3960
896
2687
4796
3863
1684
1658
1643
4002
1711
3599
1014
3287
3212
937
2661
4132
983
4221
2950
2883
376
4337
2871
114
1466
124
1813
4836
2985
756
3896
1630
1730
2639
2047
653
2338
2313
4479
2729
2569
2534
4036
1572
436
3337
3580
2247
292
4932
585
1610
516
3383
8
2289
2586
1132
513
2593
3833
4699
4657
4607
4988
2227
4683
2407
740
1297
3023
2768
959
3454
1717
3031
3748
3402
3703
719
3468
652
135
540
4069
4799
3620
1037
4992
3287
1514
4267
2035
4625
4402
909
1037
1877
1728
2541
1915
926
1813
4186
4623
1469
802
1424
4039
3965
4129
3761
2861
3887
546
3854
773
3909
826
4437
1907
2180
1759
4707
1441
4979
2348
4880
695
229
825
1659
2562
1686
4524
777
4279
849
4508
116
1975
1912
105
25
3163
561
4391
716
1451
4493
3126
783
4248
1286
2908
851
206
3076
4151
2261
694
4750
500
3062
398
3343
2483
2423
178
3432
2170
4693
2840
562
1771
1149
1778
2899
1759
1299
2611
1554
241
139
3719
3590
4847
2306
2116
3617
329
2140
4652
721
2350
3589
4040
4675
3673
1481
2911
4203
3358
2679
3073
2418
240
2296
1789
748
3160
1311
2984
4943
1181
2011
572
544
1048
2073
2054
1106
2959
1341
4607
4218
1563
2191
4100
2275
1550
3361
4538
4827
3304
327
2147
298
3110
1808
2501
4326
939
267
3664
3825
3983
3119
565
1809
1974
3406
186
3321
3434
519
2467
2994
285
1762
778
4742
1196
1467
1424
1541
4726
569
2929
3167
3849
4379
710
2713
1991
4075
3319
4196
4304
1684
4747
2574
838
2742
3901
3544
3659
138
314
2872
3251
4357
2617
2999
2854
4143
4188
4309
1620
2707
1762
4499
3865
2011
793
971
3369
4525
2
2313
1484
494
4763
3728
4918
1746
2733
4660
4136
443
2492
2173
1804
3481
144
3132
3588
1156
4084
2182
712
2540
3030
2674
247
4113
473
1223
458
2163
3203
514
3351
135
3373
264
1471
4916
3431
4895
1495
4301
1561
1940
748
1170
4514
1430
3297
4300
4512
4894
3167
3817
2684
4370
543
3107
1326
1206
820
2253
1108
1277
4328
2923
4225
2392
943
2529
1574
1705
2515
4769
1567
195
4633
3723
4538
1705
4432
1834
942
2909
777
1830
4121
2541
976
217
3567
1755
2074
996
3841
418
986
1352
3874
1298
2722
1900
3883
862
1643
1586
1150
4275
2771
163
2883
2968
444
2395
1155
4466
1103
4827
1302
3809
1583
2738
4858
2535
4910
4040
260
240
4246
1109
2082
1512
878
2719
4384
333
2854
1113
3209
2520
1916
866
4288
176
4344
